gleam GLM013428-3454 23.62041 0.00031 -34.90607 0.00030 200.00000 0.50131 0.00666 0.03697 0.03697 -86.34526 -100000.0 -100000.0
gleam GLM013408-3459 23.53621 0.00270 -34.99458 0.00264 200.00000 0.06515 0.00779 0.03779 0.03779 89.25052 -100000.0 -100000.0
sumss J013408-345935 23.53712 0.00070 -34.99319 0.00058 843.00000 0.02600 0.00170 0.02128 0.02128 90.60000 -100000.0 -100000.0
sumss J013428-345422 23.61971 0.00042 -34.90617 0.00047 843.00000 0.33550 0.01020 0.02128 0.02128 30.10000 -100000.0 -100000.0
gleam GLM013428-3454 23.62041 0.00031 -34.90607 0.00030 200.00000 0.50131 0.00666 0.03697 0.03697 -86.34526 -100000.0 -100000.0
gleam GLM013408-3459 23.53621 0.00270 -34.99458 0.00264 200.00000 0.06515 0.00779 0.03779 0.03779 89.25052 -100000.0 -100000.0
nvss 013409-345938 23.53867 0.00029 -34.99391 0.00028 1400.00000 0.01940 0.00070 0.00714 0.00714 -100000.00000 -100000.0 -100000.0
nvss 013429-345425 23.62121 0.00017 -34.90708 0.00017 1400.00000 0.24330 0.00730 0.00486 0.00486 -100000.00000 -100000.0 -100000.0
gleam GLM013428-3454 23.62041 0.00031 -34.90607 0.00030 200.00000 0.50131 0.00666 0.03697 0.03697 -86.34526 -100000.0 -100000.0
gleam GLM013408-3459 23.53621 0.00270 -34.99458 0.00264 200.00000 0.06515 0.00779 0.03779 0.03779 89.25052 -100000.0 -100000.0
