gleam GLM032734-1806 51.89436 0.00085 -18.11574 0.00087 200.00000 0.20946 0.00764 0.03706 0.03706 -89.90429 -100000.0 -100000.0
gleam GLM032749-1806 51.95510 0.00085 -18.11047 0.00087 200.00000 0.19831 0.00768 0.03779 0.03779 -88.72288 -100000.0 -100000.0
nvss 032734-180658 51.89525 0.00013 -18.11619 0.00017 1400.00000 0.07660 0.00230 0.00556 0.00556 -100000.00000 -100000.0 -100000.0
nvss 032745-180534 51.93775 0.00363 -18.09299 0.00500 1400.00000 0.00420 0.00070 0.05694 0.05694 -100000.00000 -100000.0 -100000.0
nvss 032749-180642 51.95633 0.00017 -18.11191 0.00019 1400.00000 0.03580 0.00150 0.00442 0.00442 66.30000 -100000.0 -100000.0
gleam GLM032734-1806 51.89436 0.00085 -18.11574 0.00087 200.00000 0.20946 0.00764 0.03706 0.03706 -89.90429 -100000.0 -100000.0
gleam GLM032749-1806 51.95510 0.00085 -18.11047 0.00087 200.00000 0.19831 0.00768 0.03779 0.03779 -88.72288 -100000.0 -100000.0
TGSS J032749.5-180641 51.95650 0.00056 -18.11149 0.00056 150.00000 0.22370 0.02280 0.00925 0.00925 30.20000 -100000.0 -100000.0
TGSS J032734.7-180657 51.89480 0.00056 -18.11590 0.00056 150.00000 0.24420 0.02490 0.00906 0.00906 -7.00000 -100000.0 -100000.0
gleam GLM032734-1806 51.89436 0.00085 -18.11574 0.00087 200.00000 0.20946 0.00764 0.03706 0.03706 -89.90429 -100000.0 -100000.0
gleam GLM032749-1806 51.95510 0.00085 -18.11047 0.00087 200.00000 0.19831 0.00768 0.03779 0.03779 -88.72288 -100000.0 -100000.0
