gleam GLM050337+0204 75.90668 0.00186 2.08168 0.00184 200.00000 0.18846 0.01375 0.03900 0.03900 6.36996 -100000.0 -100000.0
gleam GLM050321+0206 75.83922 0.00172 2.10907 0.00166 200.00000 0.05163 0.00993 0.04022 0.04022 -11.96805 -100000.0 -100000.0
nvss 050320+020710 75.83508 0.00392 2.11961 0.00244 1400.00000 0.00280 0.00050 0.03778 0.03778 -100000.00000 -100000.0 -100000.0
nvss 050320+020623 75.83700 0.00029 2.10650 0.00031 1400.00000 0.02060 0.00110 0.00803 0.00803 -44.90000 -100000.0 -100000.0
nvss 050337+020459 75.90671 0.00017 2.08317 0.00019 1400.00000 0.03940 0.00130 0.00572 0.00572 -100000.00000 -100000.0 -100000.0
gleam GLM050337+0204 75.90668 0.00186 2.08168 0.00184 200.00000 0.18846 0.01375 0.03900 0.03900 6.36996 -100000.0 -100000.0
gleam GLM050321+0206 75.83922 0.00172 2.10907 0.00166 200.00000 0.05163 0.00993 0.04022 0.04022 -11.96805 -100000.0 -100000.0
TGSS J050337.5+020500 75.90660 0.00056 2.08340 0.00056 150.00000 0.23100 0.02420 0.00744 0.00744 61.50000 -100000.0 -100000.0
TGSS J050321.0+020625 75.83760 0.00075 2.10710 0.00081 150.00000 0.08970 0.01090 0.01203 0.01203 -32.20000 -100000.0 -100000.0
gleam GLM050337+0204 75.90668 0.00186 2.08168 0.00184 200.00000 0.18846 0.01375 0.03900 0.03900 6.36996 -100000.0 -100000.0
gleam GLM050321+0206 75.83922 0.00172 2.10907 0.00166 200.00000 0.05163 0.00993 0.04022 0.04022 -11.96805 -100000.0 -100000.0
