gleam GLM043137-3403 67.90399 0.00112 -34.05542 0.00112 200.00000 0.21588 0.01002 0.03689 0.03689 -89.14042 -100000.0 -100000.0
gleam GLM043149-3405 67.95799 0.00112 -34.08656 0.00112 200.00000 0.06620 0.00777 0.03801 0.03801 -89.56704 -100000.0 -100000.0
gleam GLM043154-3408 67.97567 0.00340 -34.14638 0.00358 200.00000 0.06328 0.01021 0.03714 0.03714 -89.98993 -100000.0 -100000.0
sumss J043136-340321 67.90362 0.00044 -34.05606 0.00056 843.00000 0.05680 0.00230 0.02128 0.02128 8.70000 -100000.0 -100000.0
sumss J043149-340516 67.95729 0.00064 -34.08778 0.00070 843.00000 0.03150 0.00190 0.02128 0.02128 136.80000 -100000.0 -100000.0
sumss J043154-340852 67.97533 0.00056 -34.14794 0.00067 843.00000 0.03420 0.00190 0.02128 0.02128 17.40000 -100000.0 -100000.0
gleam GLM043137-3403 67.90399 0.00112 -34.05542 0.00112 200.00000 0.21588 0.01002 0.03689 0.03689 -89.14042 -100000.0 -100000.0
gleam GLM043149-3405 67.95799 0.00112 -34.08656 0.00112 200.00000 0.06620 0.00777 0.03801 0.03801 -89.56704 -100000.0 -100000.0
gleam GLM043154-3408 67.97567 0.00340 -34.14638 0.00358 200.00000 0.06328 0.01021 0.03714 0.03714 -89.98993 -100000.0 -100000.0
nvss 043120-341041 67.83542 0.00179 -34.17830 0.00139 1400.00000 0.00320 0.00050 0.01567 0.01567 -100000.00000 -100000.0 -100000.0
nvss 043136-340322 67.90371 0.00021 -34.05633 0.00019 1400.00000 0.03460 0.00140 0.00481 0.00481 35.60000 -100000.0 -100000.0
nvss 043149-340514 67.95771 0.00025 -34.08733 0.00025 1400.00000 0.02360 0.00110 0.00528 0.00528 -22.20000 -100000.0 -100000.0
nvss 043154-340848 67.97521 0.00025 -34.14688 0.00022 1400.00000 0.02280 0.00080 0.00531 0.00531 -100000.00000 -100000.0 -100000.0
gleam GLM043137-3403 67.90399 0.00112 -34.05542 0.00112 200.00000 0.21588 0.01002 0.03689 0.03689 -89.14042 -100000.0 -100000.0
gleam GLM043149-3405 67.95799 0.00112 -34.08656 0.00112 200.00000 0.06620 0.00777 0.03801 0.03801 -89.56704 -100000.0 -100000.0
gleam GLM043154-3408 67.97567 0.00340 -34.14638 0.00358 200.00000 0.06328 0.01021 0.03714 0.03714 -89.98993 -100000.0 -100000.0
