gleam GLM070934-3603 107.39418 0.00007 -36.06209 0.00007 200.00000 3.94685 0.01304 0.03803 0.03803 89.43990 -100000.0 -100000.0
gleam GLM070902-3559 107.25989 0.00007 -35.99035 0.00007 200.00000 2.48682 0.01145 0.04161 0.04161 86.31654 -100000.0 -100000.0
sumss J070901-355922 107.25579 0.00042 -35.98969 0.00047 843.00000 0.62250 0.01880 0.02128 0.02128 129.30000 -100000.0 -100000.0
sumss J070924-355724 107.35387 0.00081 -35.95694 0.00081 843.00000 0.04690 0.00330 0.02128 0.02128 50.90000 -100000.0 -100000.0
sumss J070934-360349 107.39500 0.00042 -36.06378 0.00047 843.00000 1.30700 0.03930 0.02128 0.02128 94.60000 -100000.0 -100000.0
gleam GLM070934-3603 107.39418 0.00007 -36.06209 0.00007 200.00000 3.94685 0.01304 0.03803 0.03803 89.43990 -100000.0 -100000.0
gleam GLM070902-3559 107.25989 0.00007 -35.99035 0.00007 200.00000 2.48682 0.01145 0.04161 0.04161 86.31654 -100000.0 -100000.0
nvss 070901-355922 107.25620 0.00017 -35.98955 0.00017 1400.00000 0.41780 0.01440 0.00633 0.00633 -39.30000 -100000.0 -100000.0
nvss 070928-360328 107.37037 0.00021 -36.05797 0.00025 1400.00000 0.07090 0.00290 0.01681 0.01681 -0.30000 -100000.0 -100000.0
nvss 070934-360348 107.39562 0.00017 -36.06352 0.00017 1400.00000 0.92970 0.03490 0.00714 0.00714 45.60000 -100000.0 -100000.0
gleam GLM070934-3603 107.39418 0.00007 -36.06209 0.00007 200.00000 3.94685 0.01304 0.03803 0.03803 89.43990 -100000.0 -100000.0
gleam GLM070902-3559 107.25989 0.00007 -35.99035 0.00007 200.00000 2.48682 0.01145 0.04161 0.04161 86.31654 -100000.0 -100000.0
TGSS J070934.7-360349 107.39479 0.00056 -36.06370 0.00056 150.00000 4.59670 0.45980 0.01386 0.01386 3.10000 -100000.0 -100000.0
TGSS J070901.2-355924 107.25509 0.00056 -35.99000 0.00056 150.00000 2.51510 0.25170 0.01289 0.01289 -4.90000 -100000.0 -100000.0
TGSS J070909.3-360016 107.28910 0.00058 -36.00469 0.00058 150.00000 1.05880 0.10640 0.02292 0.02292 -65.70000 -100000.0 -100000.0
gleam GLM070934-3603 107.39418 0.00007 -36.06209 0.00007 200.00000 3.94685 0.01304 0.03803 0.03803 89.43990 -100000.0 -100000.0
gleam GLM070902-3559 107.25989 0.00007 -35.99035 0.00007 200.00000 2.48682 0.01145 0.04161 0.04161 86.31654 -100000.0 -100000.0
