gleam GLM040713+0343 61.80444 0.00005 3.72002 0.00005 200.00000 4.71643 0.02261 0.06057 0.06057 -26.57449 -100000.0 -100000.0
vlssr J040710+034349 61.79487 0.00104 3.73028 0.00103 74.00000 7.24000 0.91000 0.02603 0.02603 -38.00000 -100000.0 -100000.0
vlssr J040715+034249 61.81283 0.00138 3.71367 0.00136 74.00000 1.11000 0.16000 0.01594 0.01594 -70.20000 -100000.0 -100000.0
vlssr J040733+033914 61.88967 0.00175 3.65394 0.00194 74.00000 0.79000 0.14000 0.02411 0.02411 -13.60000 -100000.0 -100000.0
gleam GLM040713+0343 61.80444 0.00005 3.72002 0.00005 200.00000 4.71643 0.02261 0.06057 0.06057 -26.57449 -100000.0 -100000.0
nvss 040711+034342 61.79646 0.00013 3.72853 0.00017 1400.00000 1.07470 0.03390 0.03536 0.03536 -40.20000 -100000.0 -100000.0
nvss 040715+034239 61.81608 0.00013 3.71094 0.00017 1400.00000 0.11350 0.00340 0.00503 0.00503 -100000.00000 -100000.0 -100000.0
gleam GLM040713+0343 61.80444 0.00005 3.72002 0.00005 200.00000 4.71643 0.02261 0.06057 0.06057 -26.57449 -100000.0 -100000.0
TGSS J040729.9+033838 61.87480 0.00061 3.64390 0.00058 150.00000 0.08610 0.01090 0.00903 0.00903 62.60000 -100000.0 -100000.0
TGSS J040714.0+034258 61.80850 0.00056 3.71620 0.00056 150.00000 2.48630 0.24910 0.02439 0.02439 -52.30000 -100000.0 -100000.0
gleam GLM040713+0343 61.80444 0.00005 3.72002 0.00005 200.00000 4.71643 0.02261 0.06057 0.06057 -26.57449 -100000.0 -100000.0
