gleam GLM040713-3148 61.80484 0.00007 -31.80994 0.00008 200.00000 0.07974 0.00666 0.03940 0.03940 -89.38330 -100000.0 -100000.0
gleam GLM040649-3149 61.70419 0.00007 -31.81718 0.00008 200.00000 0.19972 0.00612 0.03717 0.03717 -5.03068 -100000.0 -100000.0
sumss J040649-314900 61.70479 0.00053 -31.81678 0.00070 843.00000 0.07260 0.00370 0.02756 0.02756 8.70000 -100000.0 -100000.0
sumss J040712-314830 61.80317 0.00064 -31.80842 0.00083 843.00000 0.03710 0.00250 0.02358 0.02358 15.40000 -100000.0 -100000.0
gleam GLM040713-3148 61.80484 0.00007 -31.80994 0.00008 200.00000 0.07974 0.00666 0.03940 0.03940 -89.38330 -100000.0 -100000.0
gleam GLM040649-3149 61.70419 0.00007 -31.81718 0.00008 200.00000 0.19972 0.00612 0.03717 0.03717 -5.03068 -100000.0 -100000.0
gleam GLM040713-3148 61.80484 0.00007 -31.80994 0.00008 200.00000 0.07974 0.00666 0.03940 0.03940 -89.38330 -100000.0 -100000.0
gleam GLM040649-3149 61.70419 0.00007 -31.81718 0.00008 200.00000 0.19972 0.00612 0.03717 0.03717 -5.03068 -100000.0 -100000.0
nvss 040649-314906 61.70442 0.00025 -31.81833 0.00022 1400.00000 0.02940 0.00130 0.00592 0.00592 -25.80000 -100000.0 -100000.0
nvss 040712-314836 61.80258 0.00021 -31.81013 0.00019 1400.00000 0.03220 0.00110 0.00569 0.00569 -100000.00000 -100000.0 -100000.0
gleam GLM040713-3148 61.80484 0.00007 -31.80994 0.00008 200.00000 0.07974 0.00666 0.03940 0.03940 -89.38330 -100000.0 -100000.0
gleam GLM040649-3149 61.70419 0.00007 -31.81718 0.00008 200.00000 0.19972 0.00612 0.03717 0.03717 -5.03068 -100000.0 -100000.0
TGSS J040712.6-314836 61.80290 0.00056 -31.81019 0.00064 150.00000 0.08310 0.01040 0.01164 0.01164 4.10000 -100000.0 -100000.0
TGSS J040649.0-314907 61.70440 0.00056 -31.81870 0.00056 150.00000 0.38200 0.03870 0.01261 0.01261 3.30000 -100000.0 -100000.0
gleam GLM040713-3148 61.80484 0.00007 -31.80994 0.00008 200.00000 0.07974 0.00666 0.03940 0.03940 -89.38330 -100000.0 -100000.0
gleam GLM040649-3149 61.70419 0.00007 -31.81718 0.00008 200.00000 0.19972 0.00612 0.03717 0.03717 -5.03068 -100000.0 -100000.0
