gleam GLM020226-3341 30.61076 0.00028 -33.68374 0.00028 200.00000 0.71422 0.00870 0.03659 0.03659 -89.82050 -100000.0 -100000.0
gleam GLM020230-3337 30.62861 0.00028 -33.62764 0.00028 200.00000 0.02668 0.00532 0.03403 0.03403 89.66760 -100000.0 -100000.0
sumss J020226-334104 30.61083 0.00042 -33.68472 0.00047 843.00000 0.21020 0.00650 0.02361 0.02361 89.40000 -100000.0 -100000.0
sumss J020231-333746 30.62925 0.00125 -33.62961 0.00117 843.00000 0.02500 0.00260 0.02358 0.02358 124.20000 -100000.0 -100000.0
gleam GLM020226-3341 30.61076 0.00028 -33.68374 0.00028 200.00000 0.71422 0.00870 0.03659 0.03659 -89.82050 -100000.0 -100000.0
gleam GLM020230-3337 30.62861 0.00028 -33.62764 0.00028 200.00000 0.02668 0.00532 0.03403 0.03403 89.66760 -100000.0 -100000.0
nvss 020226-334102 30.61137 0.00017 -33.68402 0.00017 1400.00000 0.14080 0.00420 0.00522 0.00522 -100000.00000 -100000.0 -100000.0
nvss 020230-333743 30.62883 0.00050 -33.62872 0.00039 1400.00000 0.01430 0.00100 0.00761 0.00761 -80.60000 -100000.0 -100000.0
gleam GLM020226-3341 30.61076 0.00028 -33.68374 0.00028 200.00000 0.71422 0.00870 0.03659 0.03659 -89.82050 -100000.0 -100000.0
gleam GLM020230-3337 30.62861 0.00028 -33.62764 0.00028 200.00000 0.02668 0.00532 0.03403 0.03403 89.66760 -100000.0 -100000.0
TGSS J020231.1-333738 30.62990 0.00072 -33.62739 0.00078 150.00000 0.07830 0.00900 0.01508 0.01508 -31.90000 -100000.0 -100000.0
TGSS J020226.8-334105 30.61170 0.00056 -33.68489 0.00056 150.00000 1.04100 0.10420 0.01175 0.01175 -2.30000 -100000.0 -100000.0
gleam GLM020226-3341 30.61076 0.00028 -33.68374 0.00028 200.00000 0.71422 0.00870 0.03659 0.03659 -89.82050 -100000.0 -100000.0
gleam GLM020230-3337 30.62861 0.00028 -33.62764 0.00028 200.00000 0.02668 0.00532 0.03403 0.03403 89.66760 -100000.0 -100000.0
