gleam GLM053319-3214 83.32979 0.00047 -32.23916 0.00048 200.00000 0.08857 0.00690 0.03950 0.03950 -89.80216 -100000.0 -100000.0
gleam GLM053348-3209 83.45127 0.00699 -32.15563 0.00672 200.00000 0.03601 0.00623 0.03694 0.03694 0.00610 -100000.0 -100000.0
sumss J053319-321425 83.33054 0.00058 -32.24028 0.00089 843.00000 0.02620 0.00200 0.02358 0.02358 176.30000 -100000.0 -100000.0
sumss J053348-320924 83.45017 0.00131 -32.15667 0.00081 843.00000 0.01500 0.00190 0.02358 0.02358 89.50000 -100000.0 -100000.0
gleam GLM053319-3214 83.32979 0.00047 -32.23916 0.00048 200.00000 0.08857 0.00690 0.03950 0.03950 -89.80216 -100000.0 -100000.0
gleam GLM053348-3209 83.45127 0.00699 -32.15563 0.00672 200.00000 0.03601 0.00623 0.03694 0.03694 0.00610 -100000.0 -100000.0
nvss 053319-321425 83.33025 0.00033 -32.24033 0.00028 1400.00000 0.01690 0.00070 0.00689 0.00689 -100000.00000 -100000.0 -100000.0
nvss 053340-321519 83.42042 0.00229 -32.25541 0.00217 1400.00000 0.00240 0.00050 0.01825 0.01825 -100000.00000 -100000.0 -100000.0
nvss 053347-320921 83.44992 0.00042 -32.15583 0.00039 1400.00000 0.01280 0.00060 0.00883 0.00883 -100000.00000 -100000.0 -100000.0
gleam GLM053319-3214 83.32979 0.00047 -32.23916 0.00048 200.00000 0.08857 0.00690 0.03950 0.03950 -89.80216 -100000.0 -100000.0
gleam GLM053348-3209 83.45127 0.00699 -32.15563 0.00672 200.00000 0.03601 0.00623 0.03694 0.03694 0.00610 -100000.0 -100000.0
TGSS J053347.9-320922 83.44990 0.00061 -32.15629 0.00075 150.00000 0.04270 0.00830 0.01031 0.01031 -2.70000 -100000.0 -100000.0
TGSS J053319.2-321425 83.33020 0.00056 -32.24029 0.00058 150.00000 0.13950 0.01560 0.01150 0.01150 2.00000 -100000.0 -100000.0
gleam GLM053319-3214 83.32979 0.00047 -32.23916 0.00048 200.00000 0.08857 0.00690 0.03950 0.03950 -89.80216 -100000.0 -100000.0
gleam GLM053348-3209 83.45127 0.00699 -32.15563 0.00672 200.00000 0.03601 0.00623 0.03694 0.03694 0.00610 -100000.0 -100000.0
