gleam GLM063631-2036 99.13284 0.00004 -20.61355 0.00004 200.00000 10.06486 0.09682 0.13165 0.13165 -0.61787 -100000.0 -100000.0
gleam GLM063631-2029 99.13115 0.00004 -20.49368 0.00004 200.00000 6.37789 0.03165 0.04997 0.04997 -0.50426 -100000.0 -100000.0
vlssr J063631-202936 99.13287 0.00104 -20.49338 0.00100 74.00000 13.86000 1.69000 0.02603 0.02603 8.50000 -100000.0 -100000.0
gleam GLM063631-2036 99.13284 0.00004 -20.61355 0.00004 200.00000 10.06486 0.09682 0.13165 0.13165 -0.61787 -100000.0 -100000.0
gleam GLM063631-2029 99.13115 0.00004 -20.49368 0.00004 200.00000 6.37789 0.03165 0.04997 0.04997 -0.50426 -100000.0 -100000.0
nvss 063631-202907 99.13058 0.00013 -20.48541 0.00017 1400.00000 0.94760 0.03500 0.00981 0.00981 -13.00000 -100000.0 -100000.0
nvss 063631-203059 99.13137 0.00013 -20.51647 0.00017 1400.00000 1.34700 0.04270 0.02853 0.02853 -1.50000 -100000.0 -100000.0
nvss 063631-203642 99.13179 0.00013 -20.61166 0.00017 1400.00000 0.85290 0.02620 0.02878 0.02878 54.00000 -100000.0 -100000.0
nvss 063643-202916 99.18008 0.00196 -20.48777 0.00203 1400.00000 0.00240 0.00050 0.01731 0.01731 -100000.00000 -100000.0 -100000.0
gleam GLM063631-2036 99.13284 0.00004 -20.61355 0.00004 200.00000 10.06486 0.09682 0.13165 0.13165 -0.61787 -100000.0 -100000.0
gleam GLM063631-2029 99.13115 0.00004 -20.49368 0.00004 200.00000 6.37789 0.03165 0.04997 0.04997 -0.50426 -100000.0 -100000.0
gleam GLM063631-2036 99.13284 0.00004 -20.61355 0.00004 200.00000 10.06486 0.09682 0.13165 0.13165 -0.61787 -100000.0 -100000.0
gleam GLM063631-2029 99.13115 0.00004 -20.49368 0.00004 200.00000 6.37789 0.03165 0.04997 0.04997 -0.50426 -100000.0 -100000.0
