gleam GLM063631-2032 99.13063 0.00004 -20.54640 0.00004 200.00000 4.93134 0.03730 0.05351 0.05351 0.95007 -100000.0 -100000.0
gleam GLM063613-2030 99.05456 0.00004 -20.50075 0.00004 200.00000 0.08850 0.02067 0.03748 0.03748 -88.67138 -100000.0 -100000.0
vlssr J063631-203241 99.13325 0.00108 -20.54480 0.00103 74.00000 13.45000 1.69000 0.02603 0.02603 22.50000 -100000.0 -100000.0
gleam GLM063631-2032 99.13063 0.00004 -20.54640 0.00004 200.00000 4.93134 0.03730 0.05351 0.05351 0.95007 -100000.0 -100000.0
gleam GLM063613-2030 99.05456 0.00004 -20.50075 0.00004 200.00000 0.08850 0.02067 0.03748 0.03748 -88.67138 -100000.0 -100000.0
nvss 063613-203015 99.05579 0.00100 -20.50416 0.00114 1400.00000 0.00450 0.00050 0.01356 0.01356 -100000.00000 -100000.0 -100000.0
nvss 063631-203336 99.12975 0.00013 -20.55999 0.00017 1400.00000 1.70600 0.05200 0.03536 0.03536 12.00000 -100000.0 -100000.0
nvss 063643-202916 99.18008 0.00196 -20.48777 0.00203 1400.00000 0.00240 0.00050 0.01731 0.01731 -100000.00000 -100000.0 -100000.0
nvss 063649-202947 99.20417 0.00154 -20.49661 0.00233 1400.00000 0.00370 0.00060 0.02600 0.02600 -100000.00000 -100000.0 -100000.0
gleam GLM063631-2032 99.13063 0.00004 -20.54640 0.00004 200.00000 4.93134 0.03730 0.05351 0.05351 0.95007 -100000.0 -100000.0
gleam GLM063613-2030 99.05456 0.00004 -20.50075 0.00004 200.00000 0.08850 0.02067 0.03748 0.03748 -88.67138 -100000.0 -100000.0
