gleam GLM024931-2031 42.38091 0.00032 -20.53307 0.00031 200.00000 1.65880 0.02518 0.06808 0.06808 3.24108 -100000.0 -100000.0
gleam GLM024945-2025 42.43962 0.00032 -20.42982 0.00031 200.00000 0.32082 0.03858 0.10967 0.10967 3.05742 -100000.0 -100000.0
vlssr J024931-203202 42.37917 0.00125 -20.53411 0.00131 74.00000 3.55000 0.52000 0.02603 0.02603 15.20000 -100000.0 -100000.0
gleam GLM024931-2031 42.38091 0.00032 -20.53307 0.00031 200.00000 1.65880 0.02518 0.06808 0.06808 3.24108 -100000.0 -100000.0
gleam GLM024945-2025 42.43962 0.00032 -20.42982 0.00031 200.00000 0.32082 0.03858 0.10967 0.10967 3.05742 -100000.0 -100000.0
nvss 024931-203144 42.38179 0.00013 -20.52905 0.00017 1400.00000 0.42550 0.01390 0.03106 0.03106 19.30000 -100000.0 -100000.0
nvss 024944-202632 42.43583 0.00146 -20.44238 0.00231 1400.00000 0.01080 0.00160 0.02744 0.02744 27.80000 -100000.0 -100000.0
gleam GLM024931-2031 42.38091 0.00032 -20.53307 0.00031 200.00000 1.65880 0.02518 0.06808 0.06808 3.24108 -100000.0 -100000.0
gleam GLM024945-2025 42.43962 0.00032 -20.42982 0.00031 200.00000 0.32082 0.03858 0.10967 0.10967 3.05742 -100000.0 -100000.0
TGSS J024931.3-203206 42.38060 0.00136 -20.53499 0.00072 150.00000 1.16740 0.11730 0.04475 0.04475 19.30000 -100000.0 -100000.0
TGSS J024930.5-203220 42.37710 0.00056 -20.53899 0.00061 150.00000 0.28610 0.02940 0.01544 0.01544 -1.30000 -100000.0 -100000.0
gleam GLM024931-2031 42.38091 0.00032 -20.53307 0.00031 200.00000 1.65880 0.02518 0.06808 0.06808 3.24108 -100000.0 -100000.0
gleam GLM024945-2025 42.43962 0.00032 -20.42982 0.00031 200.00000 0.32082 0.03858 0.10967 0.10967 3.05742 -100000.0 -100000.0
