gleam GLM024938-2029 42.40964 0.00032 -20.49112 0.00031 200.00000 1.35845 0.01737 0.04266 0.04266 5.13087 -100000.0 -100000.0
vlssr J024927-203540 42.36508 0.00196 -20.59447 0.00183 74.00000 0.79000 0.13000 0.02525 0.02525 75.40000 -100000.0 -100000.0
vlssr J024938-202926 42.40854 0.00138 -20.49063 0.00128 74.00000 3.30000 0.50000 0.02181 0.02181 -56.90000 -100000.0 -100000.0
gleam GLM024938-2029 42.40964 0.00032 -20.49112 0.00031 200.00000 1.35845 0.01737 0.04266 0.04266 5.13087 -100000.0 -100000.0
nvss 024936-202950 42.40308 0.00013 -20.49738 0.00017 1400.00000 0.21140 0.00680 0.01561 0.01561 13.50000 -100000.0 -100000.0
nvss 024938-202922 42.41108 0.00013 -20.48958 0.00017 1400.00000 0.28780 0.00980 0.02050 0.02050 42.70000 -100000.0 -100000.0
gleam GLM024938-2029 42.40964 0.00032 -20.49112 0.00031 200.00000 1.35845 0.01737 0.04266 0.04266 5.13087 -100000.0 -100000.0
TGSS J024937.9-202934 42.40790 0.00056 -20.49300 0.00056 150.00000 1.54270 0.15490 0.02356 0.02356 35.90000 -100000.0 -100000.0
TGSS J024941.0-202801 42.42110 0.00078 -20.46719 0.00095 150.00000 0.11640 0.01310 0.01758 0.01758 31.90000 -100000.0 -100000.0
gleam GLM024938-2029 42.40964 0.00032 -20.49112 0.00031 200.00000 1.35845 0.01737 0.04266 0.04266 5.13087 -100000.0 -100000.0
