gleam GLM085758+0312 134.49331 0.00216 3.21280 0.00217 200.00000 0.31559 0.02034 0.04347 0.04347 3.85069 -100000.0 -100000.0
vlssr J085758+031248 134.49404 0.00183 3.21333 0.00178 74.00000 1.56000 0.29000 0.02603 0.02603 46.00000 -100000.0 -100000.0
gleam GLM085758+0312 134.49331 0.00216 3.21280 0.00217 200.00000 0.31559 0.02034 0.04347 0.04347 3.85069 -100000.0 -100000.0
nvss 085754+031033 134.47633 0.00183 3.17594 0.00136 1400.00000 0.00500 0.00060 0.02381 0.02381 -100000.00000 -100000.0 -100000.0
nvss 085757+031220 134.48783 0.00025 3.20575 0.00028 1400.00000 0.02020 0.00070 0.00711 0.00711 -100000.00000 -100000.0 -100000.0
nvss 085759+031258 134.49637 0.00017 3.21628 0.00019 1400.00000 0.04130 0.00160 0.00533 0.00533 41.50000 -100000.0 -100000.0
gleam GLM085758+0312 134.49331 0.00216 3.21280 0.00217 200.00000 0.31559 0.02034 0.04347 0.04347 3.85069 -100000.0 -100000.0
TGSS J085759.1+031259 134.49670 0.00056 3.21660 0.00056 150.00000 0.30460 0.03080 0.00731 0.00731 11.70000 -100000.0 -100000.0
TGSS J085757.0+031217 134.48770 0.00056 3.20490 0.00056 150.00000 0.12740 0.01350 0.00750 0.00750 40.80000 -100000.0 -100000.0
TGSS J085754.3+031041 134.47659 0.00075 3.17820 0.00064 150.00000 0.03410 0.00540 0.00969 0.00969 -83.90000 -100000.0 -100000.0
gleam GLM085758+0312 134.49331 0.00216 3.21280 0.00217 200.00000 0.31559 0.02034 0.04347 0.04347 3.85069 -100000.0 -100000.0
