gleam GLM023932-3000 39.88539 0.00048 -30.01665 0.00048 200.00000 0.36401 0.00761 0.03597 0.03597 -89.40732 -100000.0 -100000.0
sumss J023932-300102 39.88567 0.00044 -30.01742 0.00050 843.00000 0.13000 0.00440 0.02358 0.02358 26.40000 -100000.0 -100000.0
gleam GLM023932-3000 39.88539 0.00048 -30.01665 0.00048 200.00000 0.36401 0.00761 0.03597 0.03597 -89.40732 -100000.0 -100000.0
nvss 023932-300103 39.88542 0.00017 -30.01761 0.00017 1400.00000 0.08540 0.00260 0.00519 0.00519 -100000.00000 -100000.0 -100000.0
nvss 023940-295404 39.92050 0.00021 -29.90136 0.00019 1400.00000 0.03420 0.00110 0.00550 0.00550 -100000.00000 -100000.0 -100000.0
nvss 023948-295919 39.95354 0.00250 -29.98866 0.00231 1400.00000 0.00220 0.00050 0.01964 0.01964 -100000.00000 -100000.0 -100000.0
gleam GLM023932-3000 39.88539 0.00048 -30.01665 0.00048 200.00000 0.36401 0.00761 0.03597 0.03597 -89.40732 -100000.0 -100000.0
TGSS J023940.9-295406 39.92050 0.00056 -29.90180 0.00061 150.00000 0.08190 0.00980 0.01125 0.01125 -4.20000 -100000.0 -100000.0
TGSS J023932.5-300103 39.88550 0.00056 -30.01770 0.00056 150.00000 0.52740 0.05300 0.01081 0.01081 -1.00000 -100000.0 -100000.0
gleam GLM023932-3000 39.88539 0.00048 -30.01665 0.00048 200.00000 0.36401 0.00761 0.03597 0.03597 -89.40732 -100000.0 -100000.0
