gleam GLM025830+1333 44.62808 0.00067 13.56276 0.00054 200.00000 1.49737 0.02736 0.05616 0.05616 6.84645 -100000.0 -100000.0
vlssr J025828+133220 44.61854 0.00179 13.53894 0.00292 74.00000 0.69000 0.12000 0.04444 0.04444 -17.30000 -100000.0 -100000.0
vlssr J025831+133408 44.63092 0.00104 13.56906 0.00111 74.00000 3.29000 0.43000 0.02281 0.02281 18.70000 -100000.0 -100000.0
gleam GLM025830+1333 44.62808 0.00067 13.56276 0.00054 200.00000 1.49737 0.02736 0.05616 0.05616 6.84645 -100000.0 -100000.0
nvss 025815+132829 44.56633 0.00050 13.47480 0.00053 1400.00000 0.00900 0.00050 0.01008 0.01008 -100000.00000 -100000.0 -100000.0
nvss 025829+133328 44.62271 0.00017 13.55786 0.00028 1400.00000 0.14970 0.00480 0.03403 0.03403 23.10000 -100000.0 -100000.0
nvss 025831+133417 44.63287 0.00013 13.57150 0.00017 1400.00000 0.26280 0.00790 0.00503 0.00503 -100000.00000 -100000.0 -100000.0
gleam GLM025830+1333 44.62808 0.00067 13.56276 0.00054 200.00000 1.49737 0.02736 0.05616 0.05616 6.84645 -100000.0 -100000.0
TGSS J025829.8+133339 44.62420 0.00056 13.56090 0.00056 150.00000 0.28140 0.02870 0.01083 0.01083 19.80000 -100000.0 -100000.0
TGSS J025828.5+133247 44.61890 0.00056 13.54660 0.00061 150.00000 0.20800 0.02150 0.01258 0.01258 4.60000 -100000.0 -100000.0
TGSS J025826.3+133151 44.60980 0.00064 13.53090 0.00067 150.00000 0.18410 0.01910 0.01681 0.01681 37.80000 -100000.0 -100000.0
gleam GLM025830+1333 44.62808 0.00067 13.56276 0.00054 200.00000 1.49737 0.02736 0.05616 0.05616 6.84645 -100000.0 -100000.0
