gleam GLM020626-2148 31.60999 0.00026 -21.80472 0.00026 200.00000 0.21252 0.00751 0.03639 0.03639 86.56293 -100000.0 -100000.0
gleam GLM020554-2150 31.47798 0.00320 -21.84926 0.00302 200.00000 0.07466 0.01010 0.03852 0.03852 -3.68359 -100000.0 -100000.0
gleam GLM020626-2148 31.60999 0.00026 -21.80472 0.00026 200.00000 0.21252 0.00751 0.03639 0.03639 86.56293 -100000.0 -100000.0
gleam GLM020554-2150 31.47798 0.00320 -21.84926 0.00302 200.00000 0.07466 0.01010 0.03852 0.03852 -3.68359 -100000.0 -100000.0
nvss 020555-215058 31.47967 0.00017 -21.84947 0.00017 1400.00000 0.07010 0.00220 0.00567 0.00567 -100000.00000 -100000.0 -100000.0
nvss 020626-214814 31.61025 0.00017 -21.80411 0.00028 1400.00000 0.04860 0.00190 0.01461 0.01461 10.60000 -100000.0 -100000.0
gleam GLM020626-2148 31.60999 0.00026 -21.80472 0.00026 200.00000 0.21252 0.00751 0.03639 0.03639 86.56293 -100000.0 -100000.0
gleam GLM020554-2150 31.47798 0.00320 -21.84926 0.00302 200.00000 0.07466 0.01010 0.03852 0.03852 -3.68359 -100000.0 -100000.0
TGSS J020626.0-214833 31.60870 0.00056 -21.80929 0.00056 150.00000 0.13690 0.01490 0.00942 0.00942 -1.20000 -100000.0 -100000.0
TGSS J020626.6-214758 31.61120 0.00056 -21.79960 0.00058 150.00000 0.11010 0.01250 0.00953 0.00953 1.00000 -100000.0 -100000.0
TGSS J020555.0-215057 31.47960 0.00056 -21.84939 0.00058 150.00000 0.09120 0.01080 0.00958 0.00958 0.40000 -100000.0 -100000.0
gleam GLM020626-2148 31.60999 0.00026 -21.80472 0.00026 200.00000 0.21252 0.00751 0.03639 0.03639 86.56293 -100000.0 -100000.0
gleam GLM020554-2150 31.47798 0.00320 -21.84926 0.00302 200.00000 0.07466 0.01010 0.03852 0.03852 -3.68359 -100000.0 -100000.0
