gleam GLM011644-3110 19.18534 0.00042 -31.17807 0.00047 200.00000 0.12352 0.00539 0.03663 0.03663 -86.51741 -100000.0 -100000.0
sumss J011617-310815 19.07496 0.00200 -31.13769 0.00156 843.00000 0.01670 0.00260 0.02358 0.02358 86.20000 -100000.0 -100000.0
sumss J011644-311035 19.18458 0.00047 -31.17650 0.00058 843.00000 0.05870 0.00260 0.02358 0.02358 13.50000 -100000.0 -100000.0
gleam GLM011644-3110 19.18534 0.00042 -31.17807 0.00047 200.00000 0.12352 0.00539 0.03663 0.03663 -86.51741 -100000.0 -100000.0
gleam GLM011644-3110 19.18534 0.00042 -31.17807 0.00047 200.00000 0.12352 0.00539 0.03663 0.03663 -86.51741 -100000.0 -100000.0
nvss 011618-310828 19.07587 0.00125 -31.14136 0.00139 1400.00000 0.00430 0.00050 0.01586 0.01586 -100000.00000 -100000.0 -100000.0
nvss 011644-311040 19.18450 0.00021 -31.17783 0.00019 1400.00000 0.03850 0.00120 0.00431 0.00431 -100000.00000 -100000.0 -100000.0
gleam GLM011644-3110 19.18534 0.00042 -31.17807 0.00047 200.00000 0.12352 0.00539 0.03663 0.03663 -86.51741 -100000.0 -100000.0
TGSS J011644.3-311038 19.18480 0.00056 -31.17740 0.00058 150.00000 0.12520 0.01370 0.01097 0.01097 1.50000 -100000.0 -100000.0
gleam GLM011644-3110 19.18534 0.00042 -31.17807 0.00047 200.00000 0.12352 0.00539 0.03663 0.03663 -86.51741 -100000.0 -100000.0
