gleam GLM013548-3811 23.94997 0.00151 -38.18519 0.00149 200.00000 0.12532 0.00828 0.03786 0.03786 -88.60585 -100000.0 -100000.0
gleam GLM013603-3818 24.01495 0.00167 -38.31614 0.00174 200.00000 0.08492 0.00668 0.03777 0.03777 -88.35750 -100000.0 -100000.0
sumss J013548-381107 23.95079 0.00044 -38.18553 0.00053 843.00000 0.05290 0.00190 0.01944 0.01944 17.50000 -100000.0 -100000.0
sumss J013604-381900 24.01704 0.00047 -38.31667 0.00058 843.00000 0.03220 0.00150 0.01944 0.01944 177.89999 -100000.0 -100000.0
gleam GLM013548-3811 23.94997 0.00151 -38.18519 0.00149 200.00000 0.12532 0.00828 0.03786 0.03786 -88.60585 -100000.0 -100000.0
gleam GLM013603-3818 24.01495 0.00167 -38.31614 0.00174 200.00000 0.08492 0.00668 0.03777 0.03777 -88.35750 -100000.0 -100000.0
nvss 013548-381107 23.95133 0.00021 -38.18533 0.00019 1400.00000 0.03260 0.00110 0.00525 0.00525 -100000.00000 -100000.0 -100000.0
nvss 013604-381858 24.01700 0.00033 -38.31624 0.00028 1400.00000 0.01740 0.00070 0.00686 0.00686 -100000.00000 -100000.0 -100000.0
gleam GLM013548-3811 23.94997 0.00151 -38.18519 0.00149 200.00000 0.12532 0.00828 0.03786 0.03786 -88.60585 -100000.0 -100000.0
gleam GLM013603-3818 24.01495 0.00167 -38.31614 0.00174 200.00000 0.08492 0.00668 0.03777 0.03777 -88.35750 -100000.0 -100000.0
TGSS J013604.0-381901 24.01690 0.00056 -38.31719 0.00064 150.00000 0.11440 0.01370 0.01342 0.01342 2.80000 -100000.0 -100000.0
TGSS J013625.5-381437 24.10650 0.00056 -38.24380 0.00070 150.00000 0.09450 0.01180 0.01389 0.01389 6.60000 -100000.0 -100000.0
TGSS J013548.1-381106 23.95080 0.00056 -38.18529 0.00061 150.00000 0.14540 0.01610 0.01342 0.01342 1.90000 -100000.0 -100000.0
gleam GLM013548-3811 23.94997 0.00151 -38.18519 0.00149 200.00000 0.12532 0.00828 0.03786 0.03786 -88.60585 -100000.0 -100000.0
gleam GLM013603-3818 24.01495 0.00167 -38.31614 0.00174 200.00000 0.08492 0.00668 0.03777 0.03777 -88.35750 -100000.0 -100000.0
