gleam GLM070342-3607 105.92677 0.00092 -36.12161 0.00085 200.00000 0.26098 0.01587 0.03565 0.03565 -0.10385 -100000.0 -100000.0
sumss J070342-360719 105.92746 0.00044 -36.12219 0.00050 843.00000 0.10780 0.00350 0.02128 0.02128 21.20000 -100000.0 -100000.0
sumss J070403-360521 106.01525 0.00125 -36.08919 0.00144 843.00000 0.01150 0.00140 0.02128 0.02128 26.00000 -100000.0 -100000.0
gleam GLM070342-3607 105.92677 0.00092 -36.12161 0.00085 200.00000 0.26098 0.01587 0.03565 0.03565 -0.10385 -100000.0 -100000.0
nvss 070342-360719 105.92804 0.00017 -36.12197 0.00017 1400.00000 0.06760 0.00210 0.00517 0.00517 -100000.00000 -100000.0 -100000.0
nvss 070403-360521 106.01541 0.00058 -36.08938 0.00056 1400.00000 0.00930 0.00060 0.01014 0.01014 -100000.00000 -100000.0 -100000.0
gleam GLM070342-3607 105.92677 0.00092 -36.12161 0.00085 200.00000 0.26098 0.01587 0.03565 0.03565 -0.10385 -100000.0 -100000.0
TGSS J070403.4-360527 106.01450 0.00064 -36.09090 0.00103 150.00000 0.02930 0.00630 0.01303 0.01303 4.70000 -100000.0 -100000.0
TGSS J070342.6-360723 105.92780 0.00056 -36.12310 0.00056 150.00000 0.38250 0.03870 0.01303 0.01303 -0.40000 -100000.0 -100000.0
gleam GLM070342-3607 105.92677 0.00092 -36.12161 0.00085 200.00000 0.26098 0.01587 0.03565 0.03565 -0.10385 -100000.0 -100000.0
