gleam GLM051412-2232 78.55016 0.00045 -22.53410 0.00045 200.00000 0.44380 0.00840 0.03671 0.03671 -88.02464 -100000.0 -100000.0
gleam GLM051428-2229 78.61900 0.00424 -22.48619 0.00403 200.00000 0.07333 0.01172 0.04309 0.04309 -17.14004 -100000.0 -100000.0
nvss 051411-223207 78.54917 0.00017 -22.53544 0.00017 1400.00000 0.04430 0.00140 0.00519 0.00519 -100000.00000 -100000.0 -100000.0
nvss 051428-222858 78.61954 0.00071 -22.48302 0.00056 1400.00000 0.00750 0.00050 0.01100 0.01100 -100000.00000 -100000.0 -100000.0
gleam GLM051412-2232 78.55016 0.00045 -22.53410 0.00045 200.00000 0.44380 0.00840 0.03671 0.03671 -88.02464 -100000.0 -100000.0
gleam GLM051428-2229 78.61900 0.00424 -22.48619 0.00403 200.00000 0.07333 0.01172 0.04309 0.04309 -17.14004 -100000.0 -100000.0
TGSS J051428.7-222900 78.61960 0.00058 -22.48360 0.00061 150.00000 0.06560 0.00770 0.01078 0.01078 14.00000 -100000.0 -100000.0
TGSS J051411.8-223208 78.54920 0.00056 -22.53569 0.00056 150.00000 0.67870 0.06810 0.00939 0.00939 -7.00000 -100000.0 -100000.0
gleam GLM051412-2232 78.55016 0.00045 -22.53410 0.00045 200.00000 0.44380 0.00840 0.03671 0.03671 -88.02464 -100000.0 -100000.0
gleam GLM051428-2229 78.61900 0.00424 -22.48619 0.00403 200.00000 0.07333 0.01172 0.04309 0.04309 -17.14004 -100000.0 -100000.0
