gleam GLM035702+0311 59.26117 0.00063 3.19574 0.00062 200.00000 0.81430 0.01640 0.04073 0.04073 -10.72482 -100000.0 -100000.0
vlssr J035703+031146 59.26338 0.00108 3.19631 0.00106 74.00000 2.22000 0.28000 0.01356 0.01356 -46.20000 -100000.0 -100000.0
gleam GLM035702+0311 59.26117 0.00063 3.19574 0.00062 200.00000 0.81430 0.01640 0.04073 0.04073 -10.72482 -100000.0 -100000.0
nvss 035654+031037 59.22754 0.00054 3.17697 0.00056 1400.00000 0.00840 0.00050 0.01006 0.01006 -100000.00000 -100000.0 -100000.0
nvss 035702+031148 59.26183 0.00013 3.19681 0.00017 1400.00000 0.14130 0.00490 0.00775 0.00775 -41.30000 -100000.0 -100000.0
nvss 035710+030602 59.29200 0.00046 3.10072 0.00047 1400.00000 0.01010 0.00050 0.00869 0.00869 -100000.00000 -100000.0 -100000.0
nvss 035726+031117 59.36162 0.00229 3.18811 0.00353 1400.00000 0.00350 0.00060 0.03361 0.03361 -100000.00000 -100000.0 -100000.0
gleam GLM035702+0311 59.26117 0.00063 3.19574 0.00062 200.00000 0.81430 0.01640 0.04073 0.04073 -10.72482 -100000.0 -100000.0
TGSS J035710.1+030603 59.29230 0.00064 3.10100 0.00072 150.00000 0.03220 0.00630 0.00831 0.00831 3.70000 -100000.0 -100000.0
TGSS J035702.8+031148 59.26190 0.00056 3.19680 0.00056 150.00000 1.09380 0.10970 0.01014 0.01014 -41.20000 -100000.0 -100000.0
gleam GLM035702+0311 59.26117 0.00063 3.19574 0.00062 200.00000 0.81430 0.01640 0.04073 0.04073 -10.72482 -100000.0 -100000.0
