gleam GLM070515-3356 106.31372 0.00084 -33.94851 0.00076 200.00000 0.06185 0.00557 0.03495 0.03495 86.19539 -100000.0 -100000.0
sumss J070449-335412 106.20575 0.00092 -33.90353 0.00147 843.00000 0.01060 0.00160 0.02128 0.02128 179.80000 -100000.0 -100000.0
sumss J070509-335205 106.29096 0.00083 -33.86811 0.00064 843.00000 0.03030 0.00220 0.02358 0.02358 95.40000 -100000.0 -100000.0
sumss J070513-335657 106.30450 0.00089 -33.94942 0.00081 843.00000 0.03330 0.00250 0.02128 0.02128 106.40000 -100000.0 -100000.0
sumss J070518-335559 106.32775 0.00100 -33.93308 0.00125 843.00000 0.01680 0.00190 0.02128 0.02128 161.00000 -100000.0 -100000.0
gleam GLM070515-3356 106.31372 0.00084 -33.94851 0.00076 200.00000 0.06185 0.00557 0.03495 0.03495 86.19539 -100000.0 -100000.0
nvss 070448-335402 106.20241 0.00104 -33.90066 0.00092 1400.00000 0.00510 0.00050 0.01078 0.01078 -100000.00000 -100000.0 -100000.0
nvss 070509-335206 106.28954 0.00038 -33.86850 0.00031 1400.00000 0.01510 0.00070 0.00647 0.00647 -100000.00000 -100000.0 -100000.0
nvss 070512-335703 106.30320 0.00042 -33.95100 0.00028 1400.00000 0.01960 0.00110 0.00875 0.00875 -89.20000 -100000.0 -100000.0
nvss 070518-335600 106.32704 0.00054 -33.93338 0.00047 1400.00000 0.00940 0.00060 0.00725 0.00725 -100000.00000 -100000.0 -100000.0
gleam GLM070515-3356 106.31372 0.00084 -33.94851 0.00076 200.00000 0.06185 0.00557 0.03495 0.03495 86.19539 -100000.0 -100000.0
TGSS J070513.4-335703 106.30619 0.00092 -33.95090 0.00086 150.00000 0.07320 0.00860 0.01464 0.01464 -75.40000 -100000.0 -100000.0
TGSS J070509.5-335204 106.28959 0.00056 -33.86790 0.00058 150.00000 0.10440 0.01170 0.01206 0.01206 3.50000 -100000.0 -100000.0
TGSS J070448.6-335400 106.20290 0.00058 -33.90010 0.00075 150.00000 0.03020 0.00610 0.01111 0.01111 -0.50000 -100000.0 -100000.0
gleam GLM070515-3356 106.31372 0.00084 -33.94851 0.00076 200.00000 0.06185 0.00557 0.03495 0.03495 86.19539 -100000.0 -100000.0
