gleam GLM045259-2048 73.24938 0.00241 -20.80961 0.00282 200.00000 0.12253 0.01176 0.03725 0.03725 89.65018 -100000.0 -100000.0
gleam GLM045318-2046 73.32725 0.00294 -20.77484 0.00273 200.00000 0.09943 0.01135 0.04014 0.04014 -5.60273 -100000.0 -100000.0
nvss 045258-204835 73.24433 0.00042 -20.80991 0.00039 1400.00000 0.02040 0.00120 0.01239 0.01239 -47.80000 -100000.0 -100000.0
nvss 045317-204615 73.32437 0.00150 -20.77094 0.00372 1400.00000 0.01050 0.00190 0.03478 0.03478 -16.70000 -100000.0 -100000.0
gleam GLM045259-2048 73.24938 0.00241 -20.80961 0.00282 200.00000 0.12253 0.01176 0.03725 0.03725 89.65018 -100000.0 -100000.0
gleam GLM045318-2046 73.32725 0.00294 -20.77484 0.00273 200.00000 0.09943 0.01135 0.04014 0.04014 -5.60273 -100000.0 -100000.0
TGSS J045258.7-204846 73.24490 0.00095 -20.81290 0.00067 150.00000 0.11850 0.01430 0.01433 0.01433 -22.70000 -100000.0 -100000.0
TGSS J045318.2-204624 73.32600 0.00067 -20.77350 0.00103 150.00000 0.11530 0.01260 0.02039 0.02039 -19.70000 -100000.0 -100000.0
gleam GLM045259-2048 73.24938 0.00241 -20.80961 0.00282 200.00000 0.12253 0.01176 0.03725 0.03725 89.65018 -100000.0 -100000.0
gleam GLM045318-2046 73.32725 0.00294 -20.77484 0.00273 200.00000 0.09943 0.01135 0.04014 0.04014 -5.60273 -100000.0 -100000.0
