gleam GLM040357-3302 60.98761 0.00100 -33.04822 0.00101 200.00000 0.18337 0.00792 0.03774 0.03774 -5.44523 -100000.0 -100000.0
gleam GLM040338-3301 60.91001 0.00543 -33.02785 0.00539 200.00000 0.04197 0.00979 0.03776 0.03776 -89.62217 -100000.0 -100000.0
sumss J040337-330142 60.90808 0.00072 -33.02839 0.00122 843.00000 0.01140 0.00130 0.02358 0.02358 0.40000 -100000.0 -100000.0
sumss J040356-330300 60.98600 0.00072 -33.05006 0.00061 843.00000 0.02660 0.00170 0.02358 0.02358 77.30000 -100000.0 -100000.0
gleam GLM040357-3302 60.98761 0.00100 -33.04822 0.00101 200.00000 0.18337 0.00792 0.03774 0.03774 -5.44523 -100000.0 -100000.0
gleam GLM040338-3301 60.91001 0.00543 -33.02785 0.00539 200.00000 0.04197 0.00979 0.03776 0.03776 -89.62217 -100000.0 -100000.0
nvss 040337-330141 60.90812 0.00063 -33.02805 0.00067 1400.00000 0.00850 0.00060 0.01189 0.01189 -100000.00000 -100000.0 -100000.0
nvss 040356-330257 60.98529 0.00067 -33.04941 0.00061 1400.00000 0.00950 0.00060 0.01253 0.01253 -100000.00000 -100000.0 -100000.0
gleam GLM040357-3302 60.98761 0.00100 -33.04822 0.00101 200.00000 0.18337 0.00792 0.03774 0.03774 -5.44523 -100000.0 -100000.0
gleam GLM040338-3301 60.91001 0.00543 -33.02785 0.00539 200.00000 0.04197 0.00979 0.03776 0.03776 -89.62217 -100000.0 -100000.0
TGSS J040357.2-330259 60.98860 0.00056 -33.04990 0.00058 150.00000 0.29950 0.03030 0.01525 0.01525 0.60000 -100000.0 -100000.0
TGSS J040337.7-330144 60.90750 0.00058 -33.02899 0.00072 150.00000 0.05140 0.00740 0.01253 0.01253 3.10000 -100000.0 -100000.0
gleam GLM040357-3302 60.98761 0.00100 -33.04822 0.00101 200.00000 0.18337 0.00792 0.03774 0.03774 -5.44523 -100000.0 -100000.0
gleam GLM040338-3301 60.91001 0.00543 -33.02785 0.00539 200.00000 0.04197 0.00979 0.03776 0.03776 -89.62217 -100000.0 -100000.0
