gleam GLM014850+0623 27.21111 0.00094 6.39971 0.00071 200.00000 1.29630 0.03954 0.04449 0.04449 2.87950 -100000.0 -100000.0
gleam GLM014839+0620 27.16253 0.00094 6.34449 0.00071 200.00000 1.13861 0.04093 0.04244 0.04244 88.21482 -100000.0 -100000.0
vlssr J014838+062051 27.16225 0.00175 6.34767 0.00172 74.00000 3.25000 0.59000 0.02603 0.02603 82.70000 -100000.0 -100000.0
vlssr J014850+062402 27.20958 0.00121 6.40058 0.00136 74.00000 4.23000 0.63000 0.02575 0.02575 -10.50000 -100000.0 -100000.0
gleam GLM014850+0623 27.21111 0.00094 6.39971 0.00071 200.00000 1.29630 0.03954 0.04449 0.04449 2.87950 -100000.0 -100000.0
gleam GLM014839+0620 27.16253 0.00094 6.34449 0.00071 200.00000 1.13861 0.04093 0.04244 0.04244 88.21482 -100000.0 -100000.0
nvss 014833+062249 27.13925 0.00017 6.38042 0.00019 1400.00000 0.03170 0.00100 0.00578 0.00578 -100000.00000 -100000.0 -100000.0
nvss 014836+062044 27.15296 0.00013 6.34575 0.00017 1400.00000 0.10580 0.00370 0.00714 0.00714 -82.70000 -100000.0 -100000.0
nvss 014840+062041 27.16921 0.00013 6.34483 0.00017 1400.00000 0.11930 0.00400 0.01108 0.01108 89.00000 -100000.0 -100000.0
nvss 014850+062416 27.21083 0.00013 6.40453 0.00017 1400.00000 0.22880 0.00800 0.01436 0.01436 4.80000 -100000.0 -100000.0
gleam GLM014850+0623 27.21111 0.00094 6.39971 0.00071 200.00000 1.29630 0.03954 0.04449 0.04449 2.87950 -100000.0 -100000.0
gleam GLM014839+0620 27.16253 0.00094 6.34449 0.00071 200.00000 1.13861 0.04093 0.04244 0.04244 88.21482 -100000.0 -100000.0
TGSS J014850.5+062407 27.21080 0.00056 6.40220 0.00056 150.00000 1.43680 0.14390 0.01706 0.01706 4.70000 -100000.0 -100000.0
TGSS J014847.2+062301 27.19690 0.00081 6.38390 0.00100 150.00000 0.07480 0.00810 0.01769 0.01769 30.50000 -100000.0 -100000.0
TGSS J014838.9+062042 27.16230 0.00056 6.34520 0.00056 150.00000 1.25870 0.12610 0.02039 0.02039 -87.60000 -100000.0 -100000.0
TGSS J014833.5+062249 27.13970 0.00056 6.38040 0.00056 150.00000 0.10920 0.01170 0.00717 0.00717 1.60000 -100000.0 -100000.0
gleam GLM014850+0623 27.21111 0.00094 6.39971 0.00071 200.00000 1.29630 0.03954 0.04449 0.04449 2.87950 -100000.0 -100000.0
gleam GLM014839+0620 27.16253 0.00094 6.34449 0.00071 200.00000 1.13861 0.04093 0.04244 0.04244 88.21482 -100000.0 -100000.0
