gleam GLM015357-5032 28.48735 0.00062 -50.54900 0.00061 200.00000 0.32281 0.00954 0.04144 0.04144 -2.49867 -100000.0 -100000.0
gleam GLM015336-5026 28.40122 0.00062 -50.44397 0.00061 200.00000 0.04561 0.00613 0.03609 0.03609 88.52625 -100000.0 -100000.0
sumss J015333-502639 28.39062 0.00097 -50.44425 0.00083 843.00000 0.00930 0.00100 0.01586 0.01586 91.30000 -100000.0 -100000.0
sumss J015339-502713 28.41408 0.00103 -50.45372 0.00089 843.00000 0.00870 0.00100 0.01586 0.01586 91.30000 -100000.0 -100000.0
sumss J015358-503331 28.49437 0.00044 -50.55872 0.00047 843.00000 0.07150 0.00230 0.01586 0.01586 109.80000 -100000.0 -100000.0
gleam GLM015357-5032 28.48735 0.00062 -50.54900 0.00061 200.00000 0.32281 0.00954 0.04144 0.04144 -2.49867 -100000.0 -100000.0
gleam GLM015336-5026 28.40122 0.00062 -50.44397 0.00061 200.00000 0.04561 0.00613 0.03609 0.03609 88.52625 -100000.0 -100000.0
TGSS J015358.7-503330 28.49490 0.00056 -50.55849 0.00089 150.00000 0.19860 0.02350 0.02294 0.02294 -1.70000 -100000.0 -100000.0
gleam GLM015357-5032 28.48735 0.00062 -50.54900 0.00061 200.00000 0.32281 0.00954 0.04144 0.04144 -2.49867 -100000.0 -100000.0
gleam GLM015336-5026 28.40122 0.00062 -50.44397 0.00061 200.00000 0.04561 0.00613 0.03609 0.03609 88.52625 -100000.0 -100000.0
