gleam GLM081349-1129 123.45659 0.00078 -11.49015 0.00072 200.00000 1.42422 0.02568 0.05843 0.05843 -89.84707 -100000.0 -100000.0
gleam GLM081335-1136 123.39890 0.00078 -11.60112 0.00073 200.00000 0.15151 0.00884 0.03532 0.03532 -88.10960 -100000.0 -100000.0
gleam GLM081349-1129 123.45659 0.00078 -11.49015 0.00072 200.00000 1.42422 0.02568 0.05843 0.05843 -89.84707 -100000.0 -100000.0
gleam GLM081335-1136 123.39890 0.00078 -11.60112 0.00073 200.00000 0.15151 0.00884 0.03532 0.03532 -88.10960 -100000.0 -100000.0
nvss 081336-113555 123.40116 0.00017 -11.59877 0.00019 1400.00000 0.03170 0.00110 0.00606 0.00606 -100000.00000 -100000.0 -100000.0
nvss 081341-112855 123.42412 0.00071 -11.48208 0.00192 1400.00000 0.02680 0.00280 0.03503 0.03503 1.30000 -100000.0 -100000.0
nvss 081346-112826 123.44225 0.00054 -11.47413 0.00047 1400.00000 0.01330 0.00110 0.01092 0.01092 58.00000 -100000.0 -100000.0
nvss 081350-112924 123.46208 0.00021 -11.49024 0.00019 1400.00000 0.34690 0.01110 0.03533 0.03533 -72.60000 -100000.0 -100000.0
nvss 081354-112926 123.47645 0.00033 -11.49080 0.00036 1400.00000 0.01250 0.00060 0.00617 0.00617 -100000.00000 -100000.0 -100000.0
gleam GLM081349-1129 123.45659 0.00078 -11.49015 0.00072 200.00000 1.42422 0.02568 0.05843 0.05843 -89.84707 -100000.0 -100000.0
gleam GLM081335-1136 123.39890 0.00078 -11.60112 0.00073 200.00000 0.15151 0.00884 0.03532 0.03532 -88.10960 -100000.0 -100000.0
TGSS J081336.2-113601 123.40119 0.00058 -11.60039 0.00061 150.00000 0.12310 0.01590 0.00925 0.00925 8.00000 -100000.0 -100000.0
gleam GLM081349-1129 123.45659 0.00078 -11.49015 0.00072 200.00000 1.42422 0.02568 0.05843 0.05843 -89.84707 -100000.0 -100000.0
gleam GLM081335-1136 123.39890 0.00078 -11.60112 0.00073 200.00000 0.15151 0.00884 0.03532 0.03532 -88.10960 -100000.0 -100000.0
