gleam GLM000456+1248 1.23590 0.00024 12.80585 0.00023 200.00000 4.19736 0.03355 0.04510 0.04510 -87.20975 -100000.0 -100000.0
vlssr J000450+124735 1.20904 0.00142 12.79314 0.00144 74.00000 0.73000 0.11000 0.01847 0.01847 -14.20000 -100000.0 -100000.0
vlssr J000456+124808 1.23671 0.00100 12.80228 0.00097 74.00000 13.37000 1.63000 0.02603 0.02603 -81.60000 -100000.0 -100000.0
gleam GLM000456+1248 1.23590 0.00024 12.80585 0.00023 200.00000 4.19736 0.03355 0.04510 0.04510 -87.20975 -100000.0 -100000.0
nvss 000447+125245 1.19800 0.00225 12.87928 0.00186 1400.00000 0.00260 0.00050 0.02150 0.02150 -100000.00000 -100000.0 -100000.0
nvss 000451+124758 1.21487 0.00013 12.79967 0.00017 1400.00000 0.10780 0.00380 0.00500 0.00500 -18.20000 -100000.0 -100000.0
nvss 000452+125247 1.21758 0.00196 12.87986 0.00197 1400.00000 0.00230 0.00040 0.01714 0.01714 -100000.00000 -100000.0 -100000.0
nvss 000457+124818 1.23800 0.00013 12.80525 0.00017 1400.00000 1.06950 0.03510 0.02408 0.02408 -81.10000 -100000.0 -100000.0
gleam GLM000456+1248 1.23590 0.00024 12.80585 0.00023 200.00000 4.19736 0.03355 0.04510 0.04510 -87.20975 -100000.0 -100000.0
TGSS J000456.4+124818 1.23510 0.00056 12.80520 0.00056 150.00000 5.18590 0.51880 0.02478 0.02478 -89.00000 -100000.0 -100000.0
gleam GLM000456+1248 1.23590 0.00024 12.80585 0.00023 200.00000 4.19736 0.03355 0.04510 0.04510 -87.20975 -100000.0 -100000.0
