gleam GLM004445-2953 11.18794 0.00031 -29.89220 0.00029 200.00000 0.76315 0.01048 0.03636 0.03636 -89.07846 -100000.0 -100000.0
sumss J004413-295434 11.05792 0.00208 -29.90953 0.00222 843.00000 0.01520 0.00280 0.02358 0.02358 141.89999 -100000.0 -100000.0
sumss J004445-295332 11.18771 0.00042 -29.89236 0.00047 843.00000 0.28740 0.00890 0.02358 0.02358 18.00000 -100000.0 -100000.0
gleam GLM004445-2953 11.18794 0.00031 -29.89220 0.00029 200.00000 0.76315 0.01048 0.03636 0.03636 -89.07846 -100000.0 -100000.0
vlssr J004445-295333 11.18821 0.00146 -29.89275 0.00125 74.00000 1.97000 0.30000 0.01864 0.01864 -47.80000 -100000.0 -100000.0
gleam GLM004445-2953 11.18794 0.00031 -29.89220 0.00029 200.00000 0.76315 0.01048 0.03636 0.03636 -89.07846 -100000.0 -100000.0
nvss 004412-295411 11.05321 0.00079 -29.90319 0.00072 1400.00000 0.00590 0.00050 0.00931 0.00931 -100000.00000 -100000.0 -100000.0
nvss 004416-295327 11.06779 0.00088 -29.89102 0.00072 1400.00000 0.00570 0.00050 0.01064 0.01064 -100000.00000 -100000.0 -100000.0
nvss 004445-295336 11.18783 0.00017 -29.89355 0.00017 1400.00000 0.16940 0.00590 0.00542 0.00542 46.10000 -100000.0 -100000.0
gleam GLM004445-2953 11.18794 0.00031 -29.89220 0.00029 200.00000 0.76315 0.01048 0.03636 0.03636 -89.07846 -100000.0 -100000.0
TGSS J004445.0-295336 11.18770 0.00056 -29.89340 0.00056 150.00000 0.99130 0.09950 0.01208 0.01208 1.20000 -100000.0 -100000.0
TGSS J004413.1-295410 11.05460 0.00067 -29.90290 0.00083 150.00000 0.05040 0.00680 0.01286 0.01286 1.00000 -100000.0 -100000.0
gleam GLM004445-2953 11.18794 0.00031 -29.89220 0.00029 200.00000 0.76315 0.01048 0.03636 0.03636 -89.07846 -100000.0 -100000.0
