gleam GLM002047+2348 5.19844 0.00107 23.80342 0.00086 200.00000 0.98516 0.03317 0.05070 0.05070 1.02725 -100000.0 -100000.0
vlssr J002047+234800 5.19758 0.00113 23.80017 0.00125 74.00000 2.92000 0.39000 0.02558 0.02558 -0.10000 -100000.0 -100000.0
gleam GLM002047+2348 5.19844 0.00107 23.80342 0.00086 200.00000 0.98516 0.03317 0.05070 0.05070 1.02725 -100000.0 -100000.0
nvss 002023+235131 5.09683 0.00250 23.85869 0.00131 1400.00000 0.00330 0.00050 0.02425 0.02425 -100000.00000 -100000.0 -100000.0
nvss 002046+234827 5.19487 0.00013 23.80767 0.00017 1400.00000 0.11390 0.00400 0.00617 0.00617 -7.60000 -100000.0 -100000.0
nvss 002047+234732 5.19787 0.00013 23.79230 0.00017 1400.00000 0.10700 0.00380 0.00550 0.00550 -12.40000 -100000.0 -100000.0
gleam GLM002047+2348 5.19844 0.00107 23.80342 0.00086 200.00000 0.98516 0.03317 0.05070 0.05070 1.02725 -100000.0 -100000.0
TGSS J002047.4+234740 5.19750 0.00056 23.79460 0.00056 150.00000 0.98320 0.09870 0.01233 0.01233 -8.90000 -100000.0 -100000.0
TGSS J002046.7+234831 5.19470 0.00056 23.80890 0.00056 150.00000 0.55880 0.05630 0.00728 0.00728 -23.00000 -100000.0 -100000.0
gleam GLM002047+2348 5.19844 0.00107 23.80342 0.00086 200.00000 0.98516 0.03317 0.05070 0.05070 1.02725 -100000.0 -100000.0
