gleam GLM021915-3311 34.81425 0.00109 -33.18374 0.00117 200.00000 0.08952 0.00642 0.03504 0.03504 -84.96657 -100000.0 -100000.0
gleam GLM021847-3310 34.69686 0.00109 -33.17757 0.00117 200.00000 0.03809 0.00698 0.04802 0.04802 -89.98065 -100000.0 -100000.0
sumss J021915-331105 34.81525 0.00058 -33.18483 0.00072 843.00000 0.03610 0.00200 0.02358 0.02358 19.00000 -100000.0 -100000.0
gleam GLM021915-3311 34.81425 0.00109 -33.18374 0.00117 200.00000 0.08952 0.00642 0.03504 0.03504 -84.96657 -100000.0 -100000.0
gleam GLM021847-3310 34.69686 0.00109 -33.17757 0.00117 200.00000 0.03809 0.00698 0.04802 0.04802 -89.98065 -100000.0 -100000.0
nvss 021850-331054 34.71238 0.00146 -33.18188 0.00158 1400.00000 0.00470 0.00060 0.01842 0.01842 -100000.00000 -100000.0 -100000.0
nvss 021915-331104 34.81521 0.00025 -33.18458 0.00025 1400.00000 0.02290 0.00080 0.00569 0.00569 -100000.00000 -100000.0 -100000.0
gleam GLM021915-3311 34.81425 0.00109 -33.18374 0.00117 200.00000 0.08952 0.00642 0.03504 0.03504 -84.96657 -100000.0 -100000.0
gleam GLM021847-3310 34.69686 0.00109 -33.17757 0.00117 200.00000 0.03809 0.00698 0.04802 0.04802 -89.98065 -100000.0 -100000.0
TGSS J021915.5-331106 34.81480 0.00056 -33.18519 0.00061 150.00000 0.15700 0.01740 0.01264 0.01264 0.20000 -100000.0 -100000.0
gleam GLM021915-3311 34.81425 0.00109 -33.18374 0.00117 200.00000 0.08952 0.00642 0.03504 0.03504 -84.96657 -100000.0 -100000.0
gleam GLM021847-3310 34.69686 0.00109 -33.17757 0.00117 200.00000 0.03809 0.00698 0.04802 0.04802 -89.98065 -100000.0 -100000.0
