gleam GLM060919-1427 92.32940 0.00032 -14.46269 0.00032 200.00000 1.19201 0.01389 0.03823 0.03823 89.33109 -100000.0 -100000.0
gleam GLM060908-1426 92.28648 0.00032 -14.44078 0.00032 200.00000 0.42068 0.01014 0.03686 0.03686 81.17394 -100000.0 -100000.0
vlssr J060908-142625 92.28363 0.00142 -14.44052 0.00133 74.00000 0.96000 0.14000 0.01689 0.01689 79.50000 -100000.0 -100000.0
vlssr J060918-142749 92.32850 0.00108 -14.46369 0.00108 74.00000 3.64000 0.48000 0.01836 0.01836 30.00000 -100000.0 -100000.0
gleam GLM060919-1427 92.32940 0.00032 -14.46269 0.00032 200.00000 1.19201 0.01389 0.03823 0.03823 89.33109 -100000.0 -100000.0
gleam GLM060908-1426 92.28648 0.00032 -14.44078 0.00032 200.00000 0.42068 0.01014 0.03686 0.03686 81.17394 -100000.0 -100000.0
nvss 060908-142626 92.28596 0.00013 -14.44061 0.00017 1400.00000 0.12250 0.00430 0.00603 0.00603 -82.30000 -100000.0 -100000.0
nvss 060916-142820 92.32017 0.00075 -14.47230 0.00075 1400.00000 0.00580 0.00050 0.00972 0.00972 -100000.00000 -100000.0 -100000.0
nvss 060919-142741 92.33087 0.00013 -14.46163 0.00017 1400.00000 0.18780 0.00730 0.00694 0.00694 42.90000 -100000.0 -100000.0
gleam GLM060919-1427 92.32940 0.00032 -14.46269 0.00032 200.00000 1.19201 0.01389 0.03823 0.03823 89.33109 -100000.0 -100000.0
gleam GLM060908-1426 92.28648 0.00032 -14.44078 0.00032 200.00000 0.42068 0.01014 0.03686 0.03686 81.17394 -100000.0 -100000.0
TGSS J060918.9-142746 92.32890 0.00056 -14.46290 0.00056 150.00000 1.49170 0.14980 0.01642 0.01642 42.10000 -100000.0 -100000.0
TGSS J060908.6-142624 92.28600 0.00056 -14.44009 0.00056 150.00000 0.46870 0.04710 0.00914 0.00914 73.50000 -100000.0 -100000.0
gleam GLM060919-1427 92.32940 0.00032 -14.46269 0.00032 200.00000 1.19201 0.01389 0.03823 0.03823 89.33109 -100000.0 -100000.0
gleam GLM060908-1426 92.28648 0.00032 -14.44078 0.00032 200.00000 0.42068 0.01014 0.03686 0.03686 81.17394 -100000.0 -100000.0
