gleam GLM093653-1109 144.22071 0.00061 -11.15272 0.00062 200.00000 0.95808 0.01831 0.04184 0.04184 -3.51199 -100000.0 -100000.0
vlssr J093652-110919 144.22037 0.00113 -11.15552 0.00122 74.00000 3.19000 0.44000 0.02311 0.02311 -31.20000 -100000.0 -100000.0
gleam GLM093653-1109 144.22071 0.00061 -11.15272 0.00062 200.00000 0.95808 0.01831 0.04184 0.04184 -3.51199 -100000.0 -100000.0
nvss 093639-110440 144.16549 0.00192 -11.07780 0.00167 1400.00000 0.00310 0.00050 0.02050 0.02050 -100000.00000 -100000.0 -100000.0
nvss 093652-110837 144.21695 0.00013 -11.14377 0.00017 1400.00000 0.11160 0.00430 0.00967 0.00967 -22.90000 -100000.0 -100000.0
nvss 093653-110944 144.22424 0.00013 -11.16227 0.00017 1400.00000 0.10170 0.00350 0.00867 0.00867 -23.30000 -100000.0 -100000.0
gleam GLM093653-1109 144.22071 0.00061 -11.15272 0.00062 200.00000 0.95808 0.01831 0.04184 0.04184 -3.51199 -100000.0 -100000.0
TGSS J093653.9-110949 144.22489 0.00056 -11.16370 0.00056 150.00000 0.52710 0.05310 0.00950 0.00950 -13.60000 -100000.0 -100000.0
TGSS J093652.5-110854 144.21919 0.00056 -11.14840 0.00056 150.00000 1.19860 0.12030 0.01744 0.01744 -19.80000 -100000.0 -100000.0
gleam GLM093653-1109 144.22071 0.00061 -11.15272 0.00062 200.00000 0.95808 0.01831 0.04184 0.04184 -3.51199 -100000.0 -100000.0
