gleam GLM044829-2032 72.12206 0.00020 -20.53622 0.00018 200.00000 3.24708 0.02130 0.04734 0.04734 3.14567 -100000.0 -100000.0
nvss 044827-203406 72.11467 0.00050 -20.56855 0.00111 1400.00000 0.04520 0.00300 0.03517 0.03517 -10.60000 -100000.0 -100000.0
nvss 044828-203217 72.11750 0.00021 -20.53805 0.00025 1400.00000 0.15650 0.00540 0.02531 0.02531 22.60000 -100000.0 -100000.0
nvss 044830-203221 72.12617 0.00013 -20.53933 0.00017 1400.00000 0.27550 0.01050 0.00692 0.00692 -18.70000 -100000.0 -100000.0
nvss 044844-203303 72.18504 0.00067 -20.55108 0.00067 1400.00000 0.00630 0.00050 0.00889 0.00889 -100000.00000 -100000.0 -100000.0
gleam GLM044829-2032 72.12206 0.00020 -20.53622 0.00018 200.00000 3.24708 0.02130 0.04734 0.04734 3.14567 -100000.0 -100000.0
TGSS J044844.5-203309 72.18550 0.00064 -20.55249 0.00097 150.00000 0.04950 0.00940 0.01150 0.01150 -4.80000 -100000.0 -100000.0
TGSS J044828.9-203230 72.12070 0.00058 -20.54190 0.00056 150.00000 4.39460 0.44090 0.03978 0.03978 16.60000 -100000.0 -100000.0
TGSS J044827.9-203552 72.11640 0.00128 -20.59799 0.00067 150.00000 0.13340 0.01460 0.02125 0.02125 -81.70000 -100000.0 -100000.0
gleam GLM044829-2032 72.12206 0.00020 -20.53622 0.00018 200.00000 3.24708 0.02130 0.04734 0.04734 3.14567 -100000.0 -100000.0
