gleam GLM051348-3023 78.45296 0.00026 -30.39040 0.00024 200.00000 1.75678 0.01715 0.04608 0.04608 9.22071 -100000.0 -100000.0
sumss J051329-303015 78.37217 0.00047 -30.50417 0.00050 843.00000 2.01210 0.06530 0.04572 0.04572 77.10000 -100000.0 -100000.0
sumss J051348-302320 78.45237 0.00044 -30.38892 0.00050 843.00000 0.80110 0.02910 0.03836 0.03836 35.10000 -100000.0 -100000.0
gleam GLM051348-3023 78.45296 0.00026 -30.39040 0.00024 200.00000 1.75678 0.01715 0.04608 0.04608 9.22071 -100000.0 -100000.0
nvss 051335-303007 78.39654 0.00021 -30.50219 0.00022 1400.00000 0.03190 0.00140 0.00508 0.00508 11.20000 -100000.0 -100000.0
nvss 051340-302933 78.41671 0.00029 -30.49252 0.00025 1400.00000 0.10600 0.00400 0.01992 0.01992 -67.10000 -100000.0 -100000.0
nvss 051348-302318 78.45296 0.00017 -30.38852 0.00017 1400.00000 0.47940 0.01520 0.03519 0.03519 31.10000 -100000.0 -100000.0
gleam GLM051348-3023 78.45296 0.00026 -30.39040 0.00024 200.00000 1.75678 0.01715 0.04608 0.04608 9.22071 -100000.0 -100000.0
TGSS J051342.7-302455 78.42830 0.00086 -30.41550 0.00078 150.00000 5.54880 0.55540 0.07825 0.07825 38.60000 -100000.0 -100000.0
gleam GLM051348-3023 78.45296 0.00026 -30.39040 0.00024 200.00000 1.75678 0.01715 0.04608 0.04608 9.22071 -100000.0 -100000.0
