gleam GLM061038-2258 92.66092 0.00112 -22.98280 0.00108 200.00000 0.16656 0.00836 0.03653 0.03653 88.41027 -100000.0 -100000.0
gleam GLM061048-2304 92.69985 0.00112 -23.06921 0.00108 200.00000 0.17142 0.00822 0.03541 0.03541 87.24865 -100000.0 -100000.0
nvss 061038-225902 92.66133 0.00017 -22.98388 0.00019 1400.00000 0.03840 0.00160 0.00517 0.00517 -52.60000 -100000.0 -100000.0
nvss 061047-230411 92.69858 0.00017 -23.06977 0.00017 1400.00000 0.04530 0.00140 0.00517 0.00517 -100000.00000 -100000.0 -100000.0
gleam GLM061038-2258 92.66092 0.00112 -22.98280 0.00108 200.00000 0.16656 0.00836 0.03653 0.03653 88.41027 -100000.0 -100000.0
gleam GLM061048-2304 92.69985 0.00112 -23.06921 0.00108 200.00000 0.17142 0.00822 0.03541 0.03541 87.24865 -100000.0 -100000.0
TGSS J061047.6-230411 92.69870 0.00056 -23.06990 0.00056 150.00000 0.22690 0.02320 0.00950 0.00950 -0.40000 -100000.0 -100000.0
TGSS J061038.7-225901 92.66160 0.00056 -22.98390 0.00056 150.00000 0.21850 0.02230 0.00972 0.00972 -7.00000 -100000.0 -100000.0
gleam GLM061038-2258 92.66092 0.00112 -22.98280 0.00108 200.00000 0.16656 0.00836 0.03653 0.03653 88.41027 -100000.0 -100000.0
gleam GLM061048-2304 92.69985 0.00112 -23.06921 0.00108 200.00000 0.17142 0.00822 0.03541 0.03541 87.24865 -100000.0 -100000.0
