gleam GLM004206-3613 10.52702 0.00049 -36.22603 0.00045 200.00000 0.48213 0.01209 0.03699 0.03699 -0.28102 -100000.0 -100000.0
sumss J004206-361330 10.52625 0.00042 -36.22522 0.00047 843.00000 0.14910 0.00460 0.02128 0.02128 179.10001 -100000.0 -100000.0
sumss J004214-361448 10.55904 0.00089 -36.24683 0.00089 843.00000 0.01610 0.00140 0.02128 0.02128 46.00000 -100000.0 -100000.0
gleam GLM004206-3613 10.52702 0.00049 -36.22603 0.00045 200.00000 0.48213 0.01209 0.03699 0.03699 -0.28102 -100000.0 -100000.0
nvss 004148-361844 10.45200 0.00125 -36.31244 0.00133 1400.00000 0.00410 0.00050 0.01508 0.01508 -100000.00000 -100000.0 -100000.0
nvss 004204-362103 10.51737 0.00175 -36.35102 0.00167 1400.00000 0.00340 0.00050 0.01872 0.01872 -100000.00000 -100000.0 -100000.0
nvss 004206-361329 10.52750 0.00017 -36.22475 0.00017 1400.00000 0.09770 0.00300 0.00561 0.00561 -100000.00000 -100000.0 -100000.0
nvss 004214-361441 10.55954 0.00054 -36.24480 0.00053 1400.00000 0.00900 0.00050 0.00897 0.00897 -100000.00000 -100000.0 -100000.0
gleam GLM004206-3613 10.52702 0.00049 -36.22603 0.00045 200.00000 0.48213 0.01209 0.03699 0.03699 -0.28102 -100000.0 -100000.0
TGSS J004213.8-361443 10.55790 0.00061 -36.24549 0.00095 150.00000 0.03920 0.00610 0.01436 0.01436 -1.90000 -100000.0 -100000.0
TGSS J004206.2-361330 10.52590 0.00056 -36.22510 0.00056 150.00000 0.76790 0.07720 0.01506 0.01506 3.50000 -100000.0 -100000.0
TGSS J004203.6-362104 10.51510 0.00070 -36.35120 0.00095 150.00000 0.04560 0.00650 0.01419 0.01419 -5.80000 -100000.0 -100000.0
gleam GLM004206-3613 10.52702 0.00049 -36.22603 0.00045 200.00000 0.48213 0.01209 0.03699 0.03699 -0.28102 -100000.0 -100000.0
