gleam GLM160218-1516 240.57840 0.00026 -15.28108 0.00027 200.00000 2.01607 0.01739 0.03532 0.03532 8.47635 -100000.0 -100000.0
gleam GLM160152-1521 240.46912 0.00914 -15.35981 0.00930 200.00000 0.07229 0.02542 0.03932 0.03932 -8.64108 -100000.0 -100000.0
nvss 160153-152140 240.47337 0.00046 -15.36111 0.00047 1400.00000 0.00910 0.00050 0.00772 0.00772 -100000.00000 -100000.0 -100000.0
nvss 160218-151656 240.57833 0.00013 -15.28236 0.00017 1400.00000 0.27720 0.00950 0.00686 0.00686 23.60000 -100000.0 -100000.0
gleam GLM160218-1516 240.57840 0.00026 -15.28108 0.00027 200.00000 2.01607 0.01739 0.03532 0.03532 8.47635 -100000.0 -100000.0
gleam GLM160152-1521 240.46912 0.00914 -15.35981 0.00930 200.00000 0.07229 0.02542 0.03932 0.03932 -8.64108 -100000.0 -100000.0
TGSS J160218.6-151655 240.57789 0.00056 -15.28219 0.00056 150.00000 3.06030 0.30610 0.01039 0.01039 17.30000 -100000.0 -100000.0
TGSS J160153.3-152145 240.47230 0.00056 -15.36250 0.00058 150.00000 0.07000 0.00820 0.00892 0.00892 5.70000 -100000.0 -100000.0
gleam GLM160218-1516 240.57840 0.00026 -15.28108 0.00027 200.00000 2.01607 0.01739 0.03532 0.03532 8.47635 -100000.0 -100000.0
gleam GLM160152-1521 240.46912 0.00914 -15.35981 0.00930 200.00000 0.07229 0.02542 0.03932 0.03932 -8.64108 -100000.0 -100000.0
