gleam GLM105843-3242 164.68121 0.00076 -32.70854 0.00081 200.00000 0.29688 0.00769 0.03602 0.03602 88.34521 -100000.0 -100000.0
sumss J105843-324233 164.68067 0.00047 -32.70933 0.00050 843.00000 0.09390 0.00340 0.02358 0.02358 104.20000 -100000.0 -100000.0
sumss J105849-324152 164.70483 0.00192 -32.69778 0.00125 843.00000 0.01190 0.00210 0.02358 0.02358 79.30000 -100000.0 -100000.0
gleam GLM105843-3242 164.68121 0.00076 -32.70854 0.00081 200.00000 0.29688 0.00769 0.03602 0.03602 88.34521 -100000.0 -100000.0
nvss 105843-324237 164.68062 0.00017 -32.71041 0.00017 1400.00000 0.06160 0.00230 0.00597 0.00597 73.80000 -100000.0 -100000.0
nvss 105849-324222 164.70470 0.00079 -32.70633 0.00067 1400.00000 0.00640 0.00050 0.00967 0.00967 -100000.00000 -100000.0 -100000.0
gleam GLM105843-3242 164.68121 0.00076 -32.70854 0.00081 200.00000 0.29688 0.00769 0.03602 0.03602 88.34521 -100000.0 -100000.0
TGSS J105848.5-324224 164.70239 0.00070 -32.70679 0.00078 150.00000 0.07820 0.01010 0.01258 0.01258 9.00000 -100000.0 -100000.0
TGSS J105843.2-324237 164.68020 0.00056 -32.71039 0.00056 150.00000 0.38960 0.03950 0.01214 0.01214 8.20000 -100000.0 -100000.0
gleam GLM105843-3242 164.68121 0.00076 -32.70854 0.00081 200.00000 0.29688 0.00769 0.03602 0.03602 88.34521 -100000.0 -100000.0
