gleam GLM192655-3917 291.73056 0.00016 -39.29382 0.00016 200.00000 4.03529 0.02583 0.03566 0.03566 2.67172 -100000.0 -100000.0
sumss J192655-391742 291.72950 0.00042 -39.29519 0.00047 843.00000 1.56900 0.04710 0.01944 0.01944 30.40000 -100000.0 -100000.0
sumss J192655-391750 291.73108 0.00053 -39.29733 0.00056 843.00000 0.26500 0.01280 0.03553 0.03553 52.10000 -100000.0 -100000.0
gleam GLM192655-3917 291.73056 0.00016 -39.29382 0.00016 200.00000 4.03529 0.02583 0.03566 0.03566 2.67172 -100000.0 -100000.0
nvss 192654-392501 291.72583 0.00075 -39.41716 0.00064 1400.00000 0.00720 0.00050 0.00869 0.00869 -100000.00000 -100000.0 -100000.0
nvss 192655-391743 291.72995 0.00017 -39.29552 0.00017 1400.00000 0.84780 0.02540 0.00528 0.00528 -100000.00000 -100000.0 -100000.0
nvss 192655-391925 291.73295 0.00021 -39.32386 0.00019 1400.00000 0.04310 0.00140 0.00606 0.00606 -100000.00000 -100000.0 -100000.0
nvss 192700-392450 291.75412 0.00067 -39.41408 0.00061 1400.00000 0.00870 0.00060 0.01083 0.01083 -100000.00000 -100000.0 -100000.0
gleam GLM192655-3917 291.73056 0.00016 -39.29382 0.00016 200.00000 4.03529 0.02583 0.03566 0.03566 2.67172 -100000.0 -100000.0
TGSS J192655.1-391744 291.73001 0.00056 -39.29560 0.00056 150.00000 5.14600 0.51470 0.01306 0.01306 1.20000 -100000.0 -100000.0
gleam GLM192655-3917 291.73056 0.00016 -39.29382 0.00016 200.00000 4.03529 0.02583 0.03566 0.03566 2.67172 -100000.0 -100000.0
