gleam GLM125951-3328 194.96381 0.00020 -33.47138 0.00021 200.00000 2.42123 0.01749 0.03627 0.03627 87.92239 -100000.0 -100000.0
gleam GLM125926-3332 194.86102 0.00481 -33.54553 0.00517 200.00000 0.13166 0.02072 0.03978 0.03978 -86.05836 -100000.0 -100000.0
nvss 125918-332959 194.82849 0.00254 -33.49975 0.00244 1400.00000 0.00220 0.00050 0.01958 0.01958 -100000.00000 -100000.0 -100000.0
nvss 125927-333254 194.86345 0.00038 -33.54833 0.00086 1400.00000 0.02300 0.00160 0.02208 0.02208 -9.40000 -100000.0 -100000.0
nvss 125951-332817 194.96516 0.00017 -33.47138 0.00017 1400.00000 0.48510 0.01460 0.00533 0.00533 -100000.00000 -100000.0 -100000.0
gleam GLM125951-3328 194.96381 0.00020 -33.47138 0.00021 200.00000 2.42123 0.01749 0.03627 0.03627 87.92239 -100000.0 -100000.0
gleam GLM125926-3332 194.86102 0.00481 -33.54553 0.00517 200.00000 0.13166 0.02072 0.03978 0.03978 -86.05836 -100000.0 -100000.0
TGSS J125951.4-332827 194.96440 0.00056 -33.47420 0.00056 150.00000 3.71860 0.37200 0.01183 0.01183 1.40000 -100000.0 -100000.0
TGSS J125927.0-333251 194.86250 0.00058 -33.54769 0.00064 150.00000 0.11030 0.01380 0.01128 0.01128 -8.80000 -100000.0 -100000.0
gleam GLM125951-3328 194.96381 0.00020 -33.47138 0.00021 200.00000 2.42123 0.01749 0.03627 0.03627 87.92239 -100000.0 -100000.0
gleam GLM125926-3332 194.86102 0.00481 -33.54553 0.00517 200.00000 0.13166 0.02072 0.03978 0.03978 -86.05836 -100000.0 -100000.0
