gleam GLM192702-3921 291.75833 0.00016 -39.36105 0.00016 200.00000 0.33576 0.01883 0.04511 0.04511 -3.79178 -100000.0 -100000.0
sumss J192659-392046 291.74750 0.00078 -39.34622 0.00081 843.00000 0.04990 0.00340 0.01944 0.01944 43.20000 -100000.0 -100000.0
sumss J192704-391552 291.77058 0.00219 -39.26472 0.00147 843.00000 0.06440 0.01210 0.03492 0.03492 89.30000 -100000.0 -100000.0
gleam GLM192702-3921 291.75833 0.00016 -39.36105 0.00016 200.00000 0.33576 0.01883 0.04511 0.04511 -3.79178 -100000.0 -100000.0
nvss 192654-391503 291.72695 0.00021 -39.25105 0.00019 1400.00000 0.08000 0.00310 0.01250 0.01250 13.80000 -100000.0 -100000.0
nvss 192657-392034 291.74162 0.00071 -39.34291 0.00042 1400.00000 0.03930 0.00220 0.02417 0.02417 -56.00000 -100000.0 -100000.0
nvss 192658-391411 291.74395 0.00067 -39.23641 0.00050 1400.00000 0.00840 0.00050 0.00881 0.00881 -100000.00000 -100000.0 -100000.0
gleam GLM192702-3921 291.75833 0.00016 -39.36105 0.00016 200.00000 0.33576 0.01883 0.04511 0.04511 -3.79178 -100000.0 -100000.0
TGSS J192700.1-392107 291.75048 0.00092 -39.35200 0.00067 150.00000 0.21330 0.02390 0.02125 0.02125 -23.10000 -100000.0 -100000.0
gleam GLM192702-3921 291.75833 0.00016 -39.36105 0.00016 200.00000 0.33576 0.01883 0.04511 0.04511 -3.79178 -100000.0 -100000.0
