gleam GLM145428+1622 223.61665 0.00131 16.38123 0.00134 200.00000 3.24203 0.10329 0.05112 0.05112 4.28046 -100000.0 -100000.0
vlssr J145421+162424 223.58933 0.00196 16.40689 0.00186 74.00000 0.70000 0.12000 0.02114 0.02114 23.10000 -100000.0 -100000.0
vlssr J145429+162242 223.62295 0.00117 16.37839 0.00108 74.00000 6.92000 0.92000 0.02397 0.02397 84.60000 -100000.0 -100000.0
gleam GLM145428+1622 223.61665 0.00131 16.38123 0.00134 200.00000 3.24203 0.10329 0.05112 0.05112 4.28046 -100000.0 -100000.0
nvss 145401+162245 223.50787 0.00133 16.37933 0.00128 1400.00000 0.00340 0.00040 0.01394 0.01394 -100000.00000 -100000.0 -100000.0
nvss 145405+161753 223.52458 0.00125 16.29830 0.00117 1400.00000 0.00350 0.00040 0.01311 0.01311 -100000.00000 -100000.0 -100000.0
nvss 145420+162425 223.58691 0.00013 16.40697 0.00017 1400.00000 0.22840 0.00690 0.00506 0.00506 -100000.00000 -100000.0 -100000.0
nvss 145423+162258 223.59937 0.00029 16.38292 0.00031 1400.00000 0.01400 0.00060 0.00589 0.00589 -100000.00000 -100000.0 -100000.0
nvss 145426+162153 223.60849 0.00017 16.36492 0.00019 1400.00000 0.03230 0.00100 0.00436 0.00436 -100000.00000 -100000.0 -100000.0
nvss 145430+162250 223.62533 0.00013 16.38064 0.00017 1400.00000 0.71570 0.02280 0.02053 0.02053 51.00000 -100000.0 -100000.0
gleam GLM145428+1622 223.61665 0.00131 16.38123 0.00134 200.00000 3.24203 0.10329 0.05112 0.05112 4.28046 -100000.0 -100000.0
TGSS J145426.4+162157 223.61030 0.00100 16.36600 0.00078 150.00000 0.13970 0.01760 0.01428 0.01428 60.30000 -100000.0 -100000.0
TGSS J145422.6+162113 223.59429 0.00097 16.35380 0.00083 150.00000 0.10070 0.01500 0.01317 0.01317 54.90000 -100000.0 -100000.0
TGSS J145420.9+162425 223.58729 0.00056 16.40710 0.00056 150.00000 0.37540 0.03970 0.00728 0.00728 78.80000 -100000.0 -100000.0
gleam GLM145428+1622 223.61665 0.00131 16.38123 0.00134 200.00000 3.24203 0.10329 0.05112 0.05112 4.28046 -100000.0 -100000.0
