gleam GLM134404-1914 206.01729 0.01113 -19.24302 0.01211 200.00000 0.06339 0.03083 0.04546 0.04546 -88.04580 -100000.0 -100000.0
gleam GLM134404-1914 206.01729 0.01113 -19.24302 0.01211 200.00000 0.06339 0.03083 0.04546 0.04546 -88.04580 -100000.0 -100000.0
nvss 134403-191433 206.01624 0.00175 -19.24250 0.00175 1400.00000 0.00690 0.00130 0.01769 0.01769 45.30000 -100000.0 -100000.0
nvss 134410-190650 206.04454 0.00038 -19.11388 0.00039 1400.00000 0.01190 0.00060 0.00783 0.00783 -100000.00000 -100000.0 -100000.0
nvss 134412-191503 206.05258 0.00079 -19.25083 0.00106 1400.00000 0.00620 0.00060 0.01633 0.01633 -100000.00000 -100000.0 -100000.0
nvss 134430-190913 206.12641 0.00033 -19.15372 0.00033 1400.00000 0.01370 0.00060 0.00681 0.00681 -100000.00000 -100000.0 -100000.0
gleam GLM134404-1914 206.01729 0.01113 -19.24302 0.01211 200.00000 0.06339 0.03083 0.04546 0.04546 -88.04580 -100000.0 -100000.0
TGSS J134410.6-190646 206.04460 0.00070 -19.11289 0.00081 150.00000 0.02740 0.00590 0.00944 0.00944 -8.20000 -100000.0 -100000.0
TGSS J134404.3-191424 206.01809 0.00064 -19.23999 0.00075 150.00000 0.03920 0.00670 0.01017 0.01017 8.60000 -100000.0 -100000.0
gleam GLM134404-1914 206.01729 0.01113 -19.24302 0.01211 200.00000 0.06339 0.03083 0.04546 0.04546 -88.04580 -100000.0 -100000.0
