gleam GLM134501-1743 206.25793 0.00100 -17.72960 0.00108 200.00000 0.32214 0.01281 0.03658 0.03658 88.44009 -100000.0 -100000.0
gleam GLM134504-1751 206.26712 0.00442 -17.85639 0.00436 200.00000 0.11029 0.01675 0.04286 0.04286 -0.84690 -100000.0 -100000.0
nvss 134501-174350 206.25683 0.00013 -17.73058 0.00017 1400.00000 0.08030 0.00250 0.00528 0.00528 -100000.00000 -100000.0 -100000.0
nvss 134503-175112 206.26391 0.00025 -17.85336 0.00025 1400.00000 0.01900 0.00070 0.00564 0.00564 -100000.00000 -100000.0 -100000.0
nvss 134506-174658 206.27679 0.00150 -17.78302 0.00206 1400.00000 0.00370 0.00060 0.02292 0.02292 -100000.00000 -100000.0 -100000.0
gleam GLM134501-1743 206.25793 0.00100 -17.72960 0.00108 200.00000 0.32214 0.01281 0.03658 0.03658 88.44009 -100000.0 -100000.0
gleam GLM134504-1751 206.26712 0.00442 -17.85639 0.00436 200.00000 0.11029 0.01675 0.04286 0.04286 -0.84690 -100000.0 -100000.0
TGSS J134503.3-175110 206.26400 0.00056 -17.85300 0.00058 150.00000 0.11270 0.01230 0.00900 0.00900 1.10000 -100000.0 -100000.0
TGSS J134501.6-174350 206.25680 0.00056 -17.73060 0.00056 150.00000 0.35330 0.03570 0.00889 0.00889 2.20000 -100000.0 -100000.0
gleam GLM134501-1743 206.25793 0.00100 -17.72960 0.00108 200.00000 0.32214 0.01281 0.03658 0.03658 88.44009 -100000.0 -100000.0
gleam GLM134504-1751 206.26712 0.00442 -17.85639 0.00436 200.00000 0.11029 0.01675 0.04286 0.04286 -0.84690 -100000.0 -100000.0
