gleam GLM115048-2803 177.70184 0.00268 -28.05412 0.00252 200.00000 0.74172 0.03378 0.07398 0.07398 -85.34392 -100000.0 -100000.0
nvss 115032-280746 177.63408 0.00042 -28.12966 0.00036 1400.00000 0.01240 0.00060 0.00783 0.00783 -100000.00000 -100000.0 -100000.0
nvss 115037-280425 177.65812 0.00221 -28.07361 0.00222 1400.00000 0.00230 0.00050 0.01836 0.01836 -100000.00000 -100000.0 -100000.0
nvss 115048-280305 177.70345 0.00154 -28.05138 0.00061 1400.00000 0.02800 0.00200 0.03528 0.03528 69.50000 -100000.0 -100000.0
nvss 115056-280154 177.73475 0.00279 -28.03177 0.00083 1400.00000 0.01680 0.00200 0.03522 0.03522 -83.00000 -100000.0 -100000.0
nvss 115100-280408 177.75183 0.00054 -28.06905 0.00056 1400.00000 0.00980 0.00060 0.01122 0.01122 -100000.00000 -100000.0 -100000.0
gleam GLM115048-2803 177.70184 0.00268 -28.05412 0.00252 200.00000 0.74172 0.03378 0.07398 0.07398 -85.34392 -100000.0 -100000.0
TGSS J115101.2-280400 177.75500 0.00072 -28.06679 0.00072 150.00000 0.07100 0.00950 0.01256 0.01256 46.40000 -100000.0 -100000.0
TGSS J115050.2-280249 177.70959 0.00103 -28.04700 0.00131 150.00000 0.34040 0.03480 0.03361 0.03361 54.70000 -100000.0 -100000.0
gleam GLM115048-2803 177.70184 0.00268 -28.05412 0.00252 200.00000 0.74172 0.03378 0.07398 0.07398 -85.34392 -100000.0 -100000.0
