gleam GLM102054-3404 155.22856 0.00123 -34.08191 0.00131 200.00000 0.03059 0.00800 0.04704 0.04704 1.34729 -100000.0 -100000.0
gleam GLM102104-3410 155.27048 0.00554 -34.17859 0.00574 200.00000 0.06187 0.01130 0.03996 0.03996 -0.27188 -100000.0 -100000.0
gleam GLM102035-3412 155.14828 0.00123 -34.20916 0.00132 200.00000 0.33824 0.01303 0.04029 0.04029 7.65914 -100000.0 -100000.0
nvss 102035-341241 155.14799 0.00017 -34.21138 0.00017 1400.00000 0.06450 0.00240 0.00578 0.00578 30.30000 -100000.0 -100000.0
nvss 102052-340500 155.21712 0.00146 -34.08347 0.00114 1400.00000 0.00390 0.00050 0.01392 0.01392 -100000.00000 -100000.0 -100000.0
nvss 102105-341040 155.27162 0.00058 -34.17797 0.00047 1400.00000 0.00920 0.00060 0.00833 0.00833 -100000.00000 -100000.0 -100000.0
gleam GLM102054-3404 155.22856 0.00123 -34.08191 0.00131 200.00000 0.03059 0.00800 0.04704 0.04704 1.34729 -100000.0 -100000.0
gleam GLM102104-3410 155.27048 0.00554 -34.17859 0.00574 200.00000 0.06187 0.01130 0.03996 0.03996 -0.27188 -100000.0 -100000.0
gleam GLM102035-3412 155.14828 0.00123 -34.20916 0.00132 200.00000 0.33824 0.01303 0.04029 0.04029 7.65914 -100000.0 -100000.0
TGSS J102035.6-341241 155.14849 0.00056 -34.21149 0.00056 150.00000 0.49730 0.05070 0.01294 0.01294 6.40000 -100000.0 -100000.0
gleam GLM102054-3404 155.22856 0.00123 -34.08191 0.00131 200.00000 0.03059 0.00800 0.04704 0.04704 1.34729 -100000.0 -100000.0
gleam GLM102104-3410 155.27048 0.00554 -34.17859 0.00574 200.00000 0.06187 0.01130 0.03996 0.03996 -0.27188 -100000.0 -100000.0
gleam GLM102035-3412 155.14828 0.00123 -34.20916 0.00132 200.00000 0.33824 0.01303 0.04029 0.04029 7.65914 -100000.0 -100000.0
