gleam GLM100903-1500 152.26401 0.00082 -15.00620 0.00086 200.00000 0.11008 0.00793 0.03711 0.03711 -6.94774 -100000.0 -100000.0
gleam GLM100904-1507 152.26799 0.00082 -15.12692 0.00087 200.00000 0.11633 0.00760 0.03686 0.03686 -89.42538 -100000.0 -100000.0
gleam GLM100903-1500 152.26401 0.00082 -15.00620 0.00086 200.00000 0.11008 0.00793 0.03711 0.03711 -6.94774 -100000.0 -100000.0
gleam GLM100904-1507 152.26799 0.00082 -15.12692 0.00087 200.00000 0.11633 0.00760 0.03686 0.03686 -89.42538 -100000.0 -100000.0
nvss 100902-150002 152.26083 0.00029 -15.00072 0.00031 1400.00000 0.01590 0.00070 0.00656 0.00656 -100000.00000 -100000.0 -100000.0
nvss 100903-150055 152.26279 0.00038 -15.01538 0.00039 1400.00000 0.01210 0.00060 0.00800 0.00800 -100000.00000 -100000.0 -100000.0
nvss 100904-150736 152.26766 0.00025 -15.12686 0.00025 1400.00000 0.02210 0.00080 0.00631 0.00631 -100000.00000 -100000.0 -100000.0
gleam GLM100903-1500 152.26401 0.00082 -15.00620 0.00086 200.00000 0.11008 0.00793 0.03711 0.03711 -6.94774 -100000.0 -100000.0
gleam GLM100904-1507 152.26799 0.00082 -15.12692 0.00087 200.00000 0.11633 0.00760 0.03686 0.03686 -89.42538 -100000.0 -100000.0
TGSS J100904.3-150738 152.26809 0.00056 -15.12730 0.00056 150.00000 0.11360 0.01220 0.00881 0.00881 -21.60000 -100000.0 -100000.0
TGSS J100902.6-150003 152.26109 0.00058 -15.00090 0.00058 150.00000 0.10060 0.01100 0.01017 0.01017 32.50000 -100000.0 -100000.0
TGSS J100903.0-150057 152.26269 0.00064 -15.01599 0.00070 150.00000 0.03730 0.00590 0.00933 0.00933 -17.00000 -100000.0 -100000.0
gleam GLM100903-1500 152.26401 0.00082 -15.00620 0.00086 200.00000 0.11008 0.00793 0.03711 0.03711 -6.94774 -100000.0 -100000.0
gleam GLM100904-1507 152.26799 0.00082 -15.12692 0.00087 200.00000 0.11633 0.00760 0.03686 0.03686 -89.42538 -100000.0 -100000.0
