gleam GLM175331+2430 268.38234 0.00724 24.51196 0.00744 200.00000 0.39454 0.07537 0.05400 0.05400 -1.14408 -100000.0 -100000.0
vlssr J175331+243056 268.38291 0.00167 24.51575 0.00183 74.00000 1.22000 0.23000 0.02258 0.02258 31.70000 -100000.0 -100000.0
gleam GLM175331+2430 268.38234 0.00724 24.51196 0.00744 200.00000 0.39454 0.07537 0.05400 0.05400 -1.14408 -100000.0 -100000.0
nvss 175305+243249 268.27179 0.00196 24.54703 0.00181 1400.00000 0.00240 0.00040 0.01603 0.01603 -100000.00000 -100000.0 -100000.0
nvss 175326+243028 268.35958 0.00017 24.50783 0.00019 1400.00000 0.03490 0.00110 0.00578 0.00578 -100000.00000 -100000.0 -100000.0
nvss 175332+243052 268.38333 0.00017 24.51450 0.00017 1400.00000 0.06820 0.00210 0.00556 0.00556 -100000.00000 -100000.0 -100000.0
gleam GLM175331+2430 268.38234 0.00724 24.51196 0.00744 200.00000 0.39454 0.07537 0.05400 0.05400 -1.14408 -100000.0 -100000.0
TGSS J175332.3+243052 268.38470 0.00056 24.51470 0.00056 150.00000 0.38850 0.03930 0.00925 0.00925 67.60000 -100000.0 -100000.0
TGSS J175326.3+243028 268.35958 0.00058 24.50800 0.00058 150.00000 0.08250 0.01040 0.00722 0.00722 24.70000 -100000.0 -100000.0
gleam GLM175331+2430 268.38234 0.00724 24.51196 0.00744 200.00000 0.39454 0.07537 0.05400 0.05400 -1.14408 -100000.0 -100000.0
