gleam GLM142322-0911 215.84473 0.00017 -9.19363 0.00017 200.00000 0.84870 0.01301 0.03869 0.03869 88.74458 -100000.0 -100000.0
vlssr J142319-091604 215.83125 0.00192 -9.26783 0.00247 74.00000 1.03000 0.19000 0.03111 0.03111 -5.80000 -100000.0 -100000.0
vlssr J142322-091202 215.84487 0.00179 -9.20058 0.00231 74.00000 1.26000 0.21000 0.03444 0.03444 24.40000 -100000.0 -100000.0
gleam GLM142322-0911 215.84473 0.00017 -9.19363 0.00017 200.00000 0.84870 0.01301 0.03869 0.03869 88.74458 -100000.0 -100000.0
nvss 142321-091157 215.83895 0.00013 -9.19933 0.00017 1400.00000 0.08570 0.00310 0.00489 0.00489 34.10000 -100000.0 -100000.0
nvss 142324-091116 215.85004 0.00013 -9.18786 0.00017 1400.00000 0.07220 0.00220 0.00553 0.00553 -100000.00000 -100000.0 -100000.0
gleam GLM142322-0911 215.84473 0.00017 -9.19363 0.00017 200.00000 0.84870 0.01301 0.03869 0.03869 88.74458 -100000.0 -100000.0
TGSS J142321.4-091157 215.83949 0.00056 -9.19940 0.00056 150.00000 0.57130 0.05730 0.00872 0.00872 12.60000 -100000.0 -100000.0
TGSS J142323.8-091119 215.84950 0.00056 -9.18870 0.00056 150.00000 0.46970 0.04720 0.00928 0.00928 33.00000 -100000.0 -100000.0
gleam GLM142322-0911 215.84473 0.00017 -9.19363 0.00017 200.00000 0.84870 0.01301 0.03869 0.03869 88.74458 -100000.0 -100000.0
