gleam GLM173215+1707 263.06426 0.01254 17.11894 0.01171 200.00000 0.39480 0.10714 0.05078 0.05078 -1.75686 -100000.0 -100000.0
nvss 173205+170131 263.02195 0.00075 17.02536 0.00075 1400.00000 0.00610 0.00050 0.01111 0.01111 -100000.00000 -100000.0 -100000.0
nvss 173214+170717 263.06199 0.00017 17.12139 0.00019 1400.00000 0.11620 0.00410 0.01719 0.01719 -8.00000 -100000.0 -100000.0
nvss 173215+170605 263.06374 0.00063 17.10147 0.00058 1400.00000 0.00680 0.00050 0.00861 0.00861 -100000.00000 -100000.0 -100000.0
nvss 173219+170704 263.08174 0.00063 17.11786 0.00078 1400.00000 0.00690 0.00050 0.01292 0.01292 -100000.00000 -100000.0 -100000.0
nvss 173232+170517 263.13466 0.00033 17.08825 0.00031 1400.00000 0.01460 0.00060 0.00706 0.00706 -100000.00000 -100000.0 -100000.0
gleam GLM173215+1707 263.06426 0.01254 17.11894 0.01171 200.00000 0.39480 0.10714 0.05078 0.05078 -1.75686 -100000.0 -100000.0
TGSS J173232.3+170516 263.13479 0.00058 17.08800 0.00058 150.00000 0.12120 0.01440 0.00750 0.00750 -6.90000 -100000.0 -100000.0
TGSS J173214.5+170725 263.06069 0.00061 17.12360 0.00067 150.00000 0.24860 0.02560 0.01433 0.01433 10.30000 -100000.0 -100000.0
gleam GLM173215+1707 263.06426 0.01254 17.11894 0.01171 200.00000 0.39480 0.10714 0.05078 0.05078 -1.75686 -100000.0 -100000.0
