gleam GLM112322-3315 170.84440 0.00020 -33.26082 0.00020 200.00000 0.19920 0.00587 0.03657 0.03657 85.19230 -100000.0 -100000.0
gleam GLM112300-3310 170.75209 0.00020 -33.16864 0.00020 200.00000 0.08989 0.00543 0.03603 0.03603 89.64077 -100000.0 -100000.0
sumss J112300-331013 170.75000 0.00058 -33.17036 0.00072 843.00000 0.03870 0.00210 0.02358 0.02358 20.10000 -100000.0 -100000.0
sumss J112322-331542 170.84208 0.00050 -33.26181 0.00058 843.00000 0.06930 0.00280 0.02358 0.02358 30.40000 -100000.0 -100000.0
gleam GLM112322-3315 170.84440 0.00020 -33.26082 0.00020 200.00000 0.19920 0.00587 0.03657 0.03657 85.19230 -100000.0 -100000.0
gleam GLM112300-3310 170.75209 0.00020 -33.16864 0.00020 200.00000 0.08989 0.00543 0.03603 0.03603 89.64077 -100000.0 -100000.0
nvss 112300-331014 170.75083 0.00021 -33.17080 0.00022 1400.00000 0.02740 0.00090 0.00606 0.00606 -100000.00000 -100000.0 -100000.0
nvss 112322-331542 170.84237 0.00017 -33.26174 0.00017 1400.00000 0.04530 0.00140 0.00419 0.00419 -100000.00000 -100000.0 -100000.0
gleam GLM112322-3315 170.84440 0.00020 -33.26082 0.00020 200.00000 0.19920 0.00587 0.03657 0.03657 85.19230 -100000.0 -100000.0
gleam GLM112300-3310 170.75209 0.00020 -33.16864 0.00020 200.00000 0.08989 0.00543 0.03603 0.03603 89.64077 -100000.0 -100000.0
TGSS J112322.1-331543 170.84249 0.00056 -33.26219 0.00056 150.00000 0.22420 0.02320 0.01164 0.01164 0.40000 -100000.0 -100000.0
TGSS J112300.1-331017 170.75079 0.00056 -33.17139 0.00058 150.00000 0.10950 0.01240 0.01153 0.01153 1.10000 -100000.0 -100000.0
gleam GLM112322-3315 170.84440 0.00020 -33.26082 0.00020 200.00000 0.19920 0.00587 0.03657 0.03657 85.19230 -100000.0 -100000.0
gleam GLM112300-3310 170.75209 0.00020 -33.16864 0.00020 200.00000 0.08989 0.00543 0.03603 0.03603 89.64077 -100000.0 -100000.0
