gleam GLM210722-2525 316.84147 0.00008 -25.43149 0.00008 200.00000 28.01095 0.05740 0.05361 0.05361 9.38818 -100000.0 -100000.0
vlssr J210716-252736 316.81779 0.00125 -25.46000 0.00117 74.00000 14.41000 1.95000 0.02603 0.02603 -5.60000 -100000.0 -100000.0
vlssr J210719-252627 316.83329 0.00121 -25.44088 0.00111 74.00000 4.21000 0.54000 0.01169 0.01169 21.90000 -100000.0 -100000.0
vlssr J210723-252554 316.84833 0.00113 -25.43183 0.00100 74.00000 34.58000 4.26000 0.02603 0.02603 86.30000 -100000.0 -100000.0
vlssr J210725-252519 316.85429 0.00146 -25.42205 0.00131 74.00000 2.62000 0.36000 0.01514 0.01514 -19.20000 -100000.0 -100000.0
gleam GLM210722-2525 316.84147 0.00008 -25.43149 0.00008 200.00000 28.01095 0.05740 0.05361 0.05361 9.38818 -100000.0 -100000.0
nvss 210716-252734 316.81883 0.00013 -25.45950 0.00017 1400.00000 2.50040 0.07760 0.03536 0.03536 -28.70000 -100000.0 -100000.0
nvss 210716-252551 316.81999 0.00013 -25.43105 0.00017 1400.00000 0.33040 0.01140 0.00664 0.00664 -59.10000 -100000.0 -100000.0
nvss 210722-252615 316.84333 0.00013 -25.43772 0.00017 1400.00000 2.56490 0.08610 0.01386 0.01386 -72.10000 -100000.0 -100000.0
nvss 210725-252515 316.85791 0.00013 -25.42102 0.00017 1400.00000 2.73260 0.09790 0.01003 0.01003 57.40000 -100000.0 -100000.0
nvss 210743-253112 316.93149 0.00300 -25.52016 0.00119 1400.00000 0.01720 0.00260 0.03517 0.03517 76.20000 -100000.0 -100000.0
gleam GLM210722-2525 316.84147 0.00008 -25.43149 0.00008 200.00000 28.01095 0.05740 0.05361 0.05361 9.38818 -100000.0 -100000.0
TGSS J210720.1-252612 316.83380 0.00056 -25.43689 0.00058 150.00000 14.39070 1.43960 0.03819 0.03819 -88.10000 -100000.0 -100000.0
TGSS J210725.8-252519 316.85760 0.00056 -25.42210 0.00056 150.00000 11.53020 1.15330 0.01383 0.01383 24.90000 -100000.0 -100000.0
TGSS J210717.9-252803 316.82479 0.00058 -25.46750 0.00056 150.00000 10.85640 1.08700 0.04044 0.04044 -26.00000 -100000.0 -100000.0
gleam GLM210722-2525 316.84147 0.00008 -25.43149 0.00008 200.00000 28.01095 0.05740 0.05361 0.05361 9.38818 -100000.0 -100000.0
