gleam GLM215506-3219 328.77507 0.00020 -32.33002 0.00019 200.00000 2.41786 0.01797 0.04090 0.04090 89.16163 -100000.0 -100000.0
sumss J215505-321952 328.77246 0.00042 -32.33119 0.00047 843.00000 0.77280 0.02330 0.02358 0.02358 89.60000 -100000.0 -100000.0
gleam GLM215506-3219 328.77507 0.00020 -32.33002 0.00019 200.00000 2.41786 0.01797 0.04090 0.04090 89.16163 -100000.0 -100000.0
vlssr J215506-321952 328.77579 0.00117 -32.33133 0.00097 74.00000 4.65000 0.56000 0.00806 0.00806 -81.20000 -100000.0 -100000.0
gleam GLM215506-3219 328.77507 0.00020 -32.33002 0.00019 200.00000 2.41786 0.01797 0.04090 0.04090 89.16163 -100000.0 -100000.0
nvss 215505-321953 328.77270 0.00017 -32.33138 0.00017 1400.00000 0.43900 0.01540 0.00500 0.00500 61.80000 -100000.0 -100000.0
nvss 215509-321927 328.79012 0.00067 -32.32438 0.00064 1400.00000 0.01000 0.00100 0.00922 0.00922 -40.50000 -100000.0 -100000.0
gleam GLM215506-3219 328.77507 0.00020 -32.33002 0.00019 200.00000 2.41786 0.01797 0.04090 0.04090 89.16163 -100000.0 -100000.0
TGSS J215505.5-321952 328.77310 0.00056 -32.33119 0.00056 150.00000 2.80820 0.28100 0.01231 0.01231 17.30000 -100000.0 -100000.0
gleam GLM215506-3219 328.77507 0.00020 -32.33002 0.00019 200.00000 2.41786 0.01797 0.04090 0.04090 89.16163 -100000.0 -100000.0
