gleam GLM222352-0210 335.97000 0.00030 -2.17556 0.00026 200.00000 4.73298 0.05519 0.03896 0.03896 4.13581 -100000.0 -100000.0
vlssr J222352-021019 335.96979 0.00100 -2.17219 0.00100 74.00000 17.00000 2.11000 0.02447 0.02447 -7.30000 -100000.0 -100000.0
gleam GLM222352-0210 335.97000 0.00030 -2.17556 0.00026 200.00000 4.73298 0.05519 0.03896 0.03896 4.13581 -100000.0 -100000.0
nvss 222348-020241 335.95120 0.00013 -2.04494 0.00017 1400.00000 0.09930 0.00300 0.00408 0.00408 -100000.00000 -100000.0 -100000.0
nvss 222351-020920 335.96616 0.00013 -2.15561 0.00017 1400.00000 0.15090 0.00500 0.01128 0.01128 75.50000 -100000.0 -100000.0
nvss 222352-020839 335.96804 0.00013 -2.14442 0.00017 1400.00000 0.05800 0.00180 0.00411 0.00411 -100000.00000 -100000.0 -100000.0
nvss 222352-021028 335.96950 0.00013 -2.17458 0.00017 1400.00000 1.27830 0.04410 0.01556 0.01556 -8.10000 -100000.0 -100000.0
gleam GLM222352-0210 335.97000 0.00030 -2.17556 0.00026 200.00000 4.73298 0.05519 0.03896 0.03896 4.13581 -100000.0 -100000.0
TGSS J222352.7-021020 335.96960 0.00056 -2.17230 0.00056 150.00000 7.28190 0.72850 0.02225 0.02225 -3.60000 -100000.0 -100000.0
gleam GLM222352-0210 335.97000 0.00030 -2.17556 0.00026 200.00000 4.73298 0.05519 0.03896 0.03896 4.13581 -100000.0 -100000.0
