gleam GLM210141-2803 315.42172 0.00016 -28.05741 0.00017 200.00000 5.15203 0.03725 0.04105 0.04105 -86.56432 -100000.0 -100000.0
nvss 210131-280359 315.38079 0.00017 -28.06644 0.00019 1400.00000 0.14980 0.00520 0.01983 0.01983 44.00000 -100000.0 -100000.0
nvss 210136-275703 315.40358 0.00033 -27.95088 0.00031 1400.00000 0.05940 0.00260 0.02178 0.02178 42.60000 -100000.0 -100000.0
nvss 210139-280320 315.41437 0.00013 -28.05580 0.00017 1400.00000 2.05010 0.06240 0.03347 0.03347 4.80000 -100000.0 -100000.0
nvss 210139-275653 315.41616 0.00025 -27.94816 0.00025 1400.00000 0.07870 0.00280 0.02328 0.02328 -42.50000 -100000.0 -100000.0
nvss 210142-280309 315.42537 0.00013 -28.05255 0.00017 1400.00000 1.02560 0.03530 0.01433 0.01433 11.40000 -100000.0 -100000.0
nvss 210150-275723 315.45854 0.00046 -27.95658 0.00092 1400.00000 0.01650 0.00140 0.01825 0.01825 8.50000 -100000.0 -100000.0
gleam GLM210141-2803 315.42172 0.00016 -28.05741 0.00017 200.00000 5.15203 0.03725 0.04105 0.04105 -86.56432 -100000.0 -100000.0
TGSS J210140.5-280319 315.41891 0.00056 -28.05550 0.00056 150.00000 9.19080 0.92010 0.02539 0.02539 11.70000 -100000.0 -100000.0
TGSS J210132.7-280400 315.38650 0.00072 -28.06679 0.00070 150.00000 1.40680 0.14180 0.03044 0.03044 41.70000 -100000.0 -100000.0
TGSS J210149.9-275751 315.45809 0.00103 -27.96430 0.00075 150.00000 0.73790 0.07620 0.02606 0.02606 26.90000 -100000.0 -100000.0
TGSS J210141.1-275734 315.42160 0.00081 -27.95960 0.00061 150.00000 1.81920 0.18260 0.03139 0.03139 -16.50000 -100000.0 -100000.0
gleam GLM210141-2803 315.42172 0.00016 -28.05741 0.00017 200.00000 5.15203 0.03725 0.04105 0.04105 -86.56432 -100000.0 -100000.0
