gleam GLM212709-1209 321.78899 0.00029 -12.16629 0.00029 200.00000 1.60469 0.01569 0.03828 0.03828 19.64450 -100000.0 -100000.0
gleam GLM212734-1210 321.89340 0.00029 -12.18136 0.00029 200.00000 0.50230 0.02055 0.06793 0.06793 -2.73737 -100000.0 -100000.0
nvss 212709-120958 321.79108 0.00013 -12.16633 0.00017 1400.00000 0.26390 0.00920 0.01694 0.01694 64.10000 -100000.0 -100000.0
nvss 212734-121059 321.89304 0.00021 -12.18319 0.00022 1400.00000 0.02340 0.00080 0.00678 0.00678 -100000.00000 -100000.0 -100000.0
nvss 212734-120851 321.89366 0.00304 -12.14772 0.00533 1400.00000 0.00390 0.00060 0.05889 0.05889 -100000.00000 -100000.0 -100000.0
nvss 212734-121029 321.89537 0.00142 -12.17494 0.00181 1400.00000 0.02210 0.00260 0.03508 0.03508 -35.50000 -100000.0 -100000.0
gleam GLM212709-1209 321.78899 0.00029 -12.16629 0.00029 200.00000 1.60469 0.01569 0.03828 0.03828 19.64450 -100000.0 -100000.0
gleam GLM212734-1210 321.89340 0.00029 -12.18136 0.00029 200.00000 0.50230 0.02055 0.06793 0.06793 -2.73737 -100000.0 -100000.0
TGSS J212709.2-121001 321.78860 0.00056 -12.16709 0.00056 150.00000 1.76830 0.17750 0.01806 0.01806 50.20000 -100000.0 -100000.0
gleam GLM212709-1209 321.78899 0.00029 -12.16629 0.00029 200.00000 1.60469 0.01569 0.03828 0.03828 19.64450 -100000.0 -100000.0
gleam GLM212734-1210 321.89340 0.00029 -12.18136 0.00029 200.00000 0.50230 0.02055 0.06793 0.06793 -2.73737 -100000.0 -100000.0
