gleam GLM222939-2757 337.41231 0.00019 -27.95760 0.00019 200.00000 1.24306 0.00835 0.03706 0.03706 -0.89841 -100000.0 -100000.0
gleam GLM222921-2757 337.33738 0.00019 -27.95633 0.00019 200.00000 0.05683 0.00598 0.03871 0.03871 -3.38176 -100000.0 -100000.0
nvss 222920-275721 337.33666 0.00033 -27.95605 0.00031 1400.00000 0.01570 0.00070 0.00581 0.00581 -100000.00000 -100000.0 -100000.0
nvss 222938-275731 337.41187 0.00013 -27.95883 0.00017 1400.00000 0.36010 0.01270 0.00450 0.00450 9.90000 -100000.0 -100000.0
nvss 222945-275534 337.43924 0.00067 -27.92630 0.00064 1400.00000 0.00730 0.00050 0.00972 0.00972 -100000.00000 -100000.0 -100000.0
gleam GLM222939-2757 337.41231 0.00019 -27.95760 0.00019 200.00000 1.24306 0.00835 0.03706 0.03706 -0.89841 -100000.0 -100000.0
gleam GLM222921-2757 337.33738 0.00019 -27.95633 0.00019 200.00000 0.05683 0.00598 0.03871 0.03871 -3.38176 -100000.0 -100000.0
TGSS J222938.7-275733 337.41159 0.00056 -27.95919 0.00056 150.00000 1.47110 0.14730 0.01253 0.01253 13.20000 -100000.0 -100000.0
TGSS J222920.9-275723 337.33740 0.00061 -27.95669 0.00075 150.00000 0.06210 0.00860 0.01247 0.01247 -14.10000 -100000.0 -100000.0
gleam GLM222939-2757 337.41231 0.00019 -27.95760 0.00019 200.00000 1.24306 0.00835 0.03706 0.03706 -0.89841 -100000.0 -100000.0
gleam GLM222921-2757 337.33738 0.00019 -27.95633 0.00019 200.00000 0.05683 0.00598 0.03871 0.03871 -3.38176 -100000.0 -100000.0
